[1] "File Name: stuntwast_morbidity.Rdata"
[1] "Dimensions:"
[1] 101395     87
[1] "--------------------------------------"
[1] "Class of Data: data.frame"
[1] "--------------------------------------"
[1] "Column: studyid"
[1] "Class: character"
[1] "Summary:"
   Length     Class      Mode 
   101395 character character 
[1] "--------------------------------------"
[1] "Column: subjid"
[1] "Class: character"
[1] "Summary:"
   Length     Class      Mode 
   101395 character character 
[1] "--------------------------------------"
[1] "Column: country"
[1] "Class: character"
[1] "Summary:"
   Length     Class      Mode 
   101395 character character 
[1] "--------------------------------------"
[1] "Column: co_occurence"
[1] "Class: numeric"
[1] "Summary:"
   Min. 1st Qu.  Median    Mean 3rd Qu.    Max.    NA's 
   0.00    0.00    0.00    0.07    0.00    1.00   76481 
[1] "--------------------------------------"
[1] "Column: pers_wasted624"
[1] "Class: numeric"
[1] "Summary:"
   Min. 1st Qu.  Median    Mean 3rd Qu.    Max.    NA's 
   0.00    0.00    0.00    0.09    0.00    1.00   23331 
[1] "--------------------------------------"
[1] "Column: ever_wasted06"
[1] "Class: factor"
[1] "Summary:"
    0     1  NA's 
75539 20229  5627 
[1] "--------------------------------------"
[1] "Column: ever_swasted06"
[1] "Class: factor"
[1] "Summary:"
    0     1  NA's 
89916  5852  5627 
[1] "--------------------------------------"
[1] "Column: pers_wasted06"
[1] "Class: factor"
[1] "Summary:"
    0     1  NA's 
88866  6902  5627 
[1] "--------------------------------------"
[1] "Column: ever_stunted06"
[1] "Class: factor"
[1] "Summary:"
    0     1  NA's 
65938 30447  5010 
[1] "--------------------------------------"
[1] "Column: ever_sstunted06"
[1] "Class: factor"
[1] "Summary:"
    0     1  NA's 
86472  9913  5010 
[1] "--------------------------------------"
[1] "Column: ever_underweight06"
[1] "Class: factor"
[1] "Summary:"
    0     1  NA's 
68174 29146  4075 
[1] "--------------------------------------"
[1] "Column: ever_sunderweight06"
[1] "Class: factor"
[1] "Summary:"
    0     1  NA's 
87195 10125  4075 
[1] "--------------------------------------"
[1] "Column: ever_co06"
[1] "Class: factor"
[1] "Summary:"
    0     1  NA's 
92681  3024  5690 
[1] "--------------------------------------"
[1] "Column: sex"
[1] "Class: factor"
[1] "Summary:"
Female   Male   NA's 
 47826  49187   4382 
[1] "--------------------------------------"
[1] "Column: month"
[1] "Class: factor"
[1] "Summary:"
    1     2     3     4     5     6     7     8     9    10    11    12  NA's 
 6680  5997  6734  6183  5677  5755  6631  7078  7536  7477  7390  7850 20407 
[1] "--------------------------------------"
[1] "Column: wtkg"
[1] "Class: factor"
[1] "Summary:"
      3     2.8     3.2     3.1     2.9     2.7     3.3     3.4     3.5     2.5     2.6     3.6     3.7     2.4     3.8 
   2723    2221    2169    2068    2061    1975    1831    1702    1685    1585    1574    1305    1163    1099    1051 
      4     2.3     3.9     4.1     2.2     4.2    2.75    3.25    2.95    3.15     4.3    2.85    3.35     4.5    3.05 
    943     884     865     656     616     610     594     539     513     506     502     499     470     465     462 
   2.65    3.45    2.74    2.55     2.1    2.84     4.4    2.56    2.68    2.62    2.76       2    2.64    2.78    2.66 
    436     426     423     421     408     405     403     401     397     393     392     384     384     381     373 
   2.82    2.72    3.55    2.87    2.73    2.88    2.58    2.67    2.63    2.71    2.69    3.02    2.48    2.45    2.52 
    372     370     367     366     365     365     362     360     359     355     354     354     353     352     350 
   3.04    2.98    2.77    2.86    2.59    3.06    2.92    2.96    2.53    3.65    2.61    2.81    2.44    2.54    2.79 
    350     345     344     343     342     342     339     337     333     332     331     329     328     327     326 
   3.75    2.47    2.43    2.57    2.42    2.83    2.51    2.89     4.6    3.12    2.37    2.91    2.49    2.41    2.99 
    326     325     323     322     321     319     317     315     314     313     311     311     309     305     304 
   2.46    2.94    2.39    2.97    2.34    2.38    3.01    3.08 (Other)    NA's 
    303     303     299     298     294     294     291     288   37890    4585 
[1] "--------------------------------------"
[1] "Column: htcm"
[1] "Class: factor"
[1] "Summary:"
     46    48.5    47.5    46.5    45.5      48      45      47      49    49.5    44.5    48.4    48.6      44    47.1 
    115      80      72      71      60      54      49      47      45      44      39      34      29      28      27 
   48.1    48.3    46.3      50    50.5    47.3    46.4    49.1    43.5      51    47.6    48.8    48.9    49.4    46.8 
     26      26      24      24      24      22      20      19      18      18      17      17      17      17      16 
   47.4      43    49.3    47.2    46.1    46.6    47.8    51.5    48.2    46.9    47.9    49.6      42    46.2    49.9 
     16      14      14      13      12      12      12      12      11      10      10      10       9       9       9 
   50.3    50.6    41.5    42.5    49.2    50.1    50.2    52.5    50.4    52.2      41    48.7    49.8    51.1      40 
      9       9       8       8       8       8       8       8       7       7       6       6       6       6       5 
   45.3    45.6    46.7    49.7    50.7    50.8    51.4      52    52.3    53.5    40.5    45.1    50.9    51.3      53 
      5       5       5       5       5       5       5       5       5       5       4       4       4       4       4 
   45.4    47.7    51.7    52.1    43.4    44.1    44.3    45.2    51.6    51.8    51.9    52.4    52.6    52.8    52.9 
      3       3       3       3       2       2       2       2       2       2       2       2       2       2       2 
   58.9    59.5    64.6      80    81.5    82.3    89.3      36 (Other)    NA's 
      2       2       2       2       2       2       2       1      62   99833 
[1] "--------------------------------------"
[1] "Column: lencm"
[1] "Class: factor"
[1] "Summary:"
     50      52      51      49      48      53      54      47      55      46    47.5    49.5      56    48.5    48.2 
   5204    3943    3866    3713    2945    2941    2426    2196    1796    1423    1293    1289    1274    1257    1095 
   47.2    46.5      45    48.1    47.1    47.3    47.6    49.2    46.2    48.3    49.1    48.6    46.1      57    50.5 
   1074    1039    1020     983     946     874     855     854     840     840     826     818     811     800     798 
   47.8    48.4    47.4    48.7    46.6    46.7    46.3    50.1    47.7    46.4    49.6    45.5    46.8    49.4    51.5 
    787     756     733     720     719     689     682     682     674     668     662     656     649     638     629 
   48.8    50.2    45.6    49.3    49.8    45.1    49.7    47.9    45.3    48.9    45.2    45.7    44.5    45.4      58 
    621     607     600     598     595     551     548     518     499     497     492     482     479     478     476 
   46.9      44    50.4    52.5    49.9    50.3    45.8    51.2    50.6    45.9    53.5    51.1    54.5    51.4    50.8 
    464     457     451     450     441     428     427     419     406     377     364     355     335     322     321 
   52.1    44.6    44.1    44.9    44.2    51.3    44.8    50.7    52.2    44.3    51.6      59    52.3    53.2      60 
    321     310     292     290     288     282     276     276     276     267     266     263     256     256     249 
   44.7    52.4    55.5      43    44.4    53.4    43.5    51.7 (Other)    NA's 
    248     246     245     243     241     232     203     203   14980    5945 
[1] "--------------------------------------"
[1] "Column: hcircm"
[1] "Class: factor"
[1] "Summary:"
     35      34      36      33      37      32      38    34.5    33.5    32.5    33.4    35.5    33.2    34.2    33.1 
   5438    5277    4763    3357    2542    1844    1708    1685    1662    1290    1251    1193    1177    1145    1114 
   34.1    33.6      39    34.4    32.4    33.3    32.6    36.5    34.3    34.6    33.7    32.2    32.1    35.2      31 
   1052    1021    1004     913     905     902     878     873     869     849     848     846     835     803     802 
   32.3    33.8    31.5    32.8    35.1    32.7    35.4    35.6    34.8    37.5    32.9    34.7    36.1    33.9    31.6 
    789     787     751     750     746     695     692     668     659     603     583     582     557     549     543 
   31.4    36.2    35.3      40    35.8    31.2    35.7    31.7    31.1    31.8    31.9    36.4    34.9    38.5    30.5 
    540     516     498     496     471     465     459     452     449     447     435     412     370     361     341 
   36.3    31.3    35.9    36.6      30    37.1    37.2    36.7    36.8    30.4    37.4    39.5      41    30.1    30.6 
    340     338     332     304     293     268     268     262     256     245     244     235     230     229     221 
   30.7    40.5    37.3    30.8    30.9    36.9    37.6    30.2    37.8    30.3    41.5    40.1    38.1      42    38.4 
    198     195     191     188     188     187     177     173     165     155     154     145     140     140     133 
   38.2    29.5    42.5    41.6    29.8    37.7    42.1    41.2 (Other)    NA's 
    130     121     119     112     110     104     104     101    4771   23617 
[1] "--------------------------------------"
[1] "Column: muaccm"
[1] "Class: factor"
[1] "Summary:"
    9.5      10     9.2     9.1     9.6     9.4     9.3    10.1       9     9.8     9.7    10.2     9.9    10.4    10.5 
   1638    1610    1461    1425    1422    1412    1372    1349    1297    1271    1220    1174    1102    1000     958 
   10.3     8.9    10.6      12     8.8     8.7      11     8.6     8.5      13    10.7     8.4    10.8    11.2     8.3 
    944     925     854     840     835     828     771     762     733     705     572     556     526     491     455 
   11.5     8.2    11.1    12.5     8.1    10.9    11.3      14    11.4    13.5    11.6       8    12.1    12.4    12.6 
    444     423     385     382     376     366     361     355     349     339     324     313     264     260     256 
   12.2    13.1     7.8    11.7    12.3    12.7    13.2    11.8    14.5    13.6    13.4    12.8    13.3    14.1    14.2 
    255     233     231     228     225     211     210     208     205     202     191     182     173     168     164 
   11.9    13.7     7.9    12.9     7.7    13.8      15    14.6    14.3     7.5     7.6    14.4    13.9    15.1     7.4 
    156     153     151     139     133     128     123     119     116     108     104      94      85      83      81 
   15.5    14.9    15.2    14.7    15.3       7     7.3     7.2    15.6     7.1    14.8    16.1      16    15.4    15.7 
     77      71      69      68      65      61      61      57      57      53      47      38      36      34      32 
   15.8    15.9     6.7    16.2     6.8    16.5    16.3     6.5 (Other)    NA's 
     27      27      23      21      20      20      18      17     157   59675 
[1] "--------------------------------------"
[1] "Column: muaz"
[1] "Class: factor"
[1] "Summary:"
  -0.22   -0.18   -0.25   -0.21   -0.47    0.31   -0.65   -0.27    -0.9    0.28   -0.37   -0.11   -0.66    -0.3   -0.71 
     36      36      33      30      29      29      27      27      26      26      25      25      24      24      23 
   0.46   -0.94   -0.59   -0.23   -0.09    0.14    0.18    0.24    0.72   -1.11   -1.07   -0.69   -0.15    0.34   -0.57 
     23      22      22      22      22      22      22      22      22      21      21      21      21      21      20 
  -0.51   -0.38   -0.12    0.32    0.65   -1.32   -1.05   -0.85   -0.74   -0.67    -0.6   -0.56   -0.19    0.19   -1.37 
     20      20      20      20      20      19      19      19      19      19      19      19      19      19      18 
  -0.95   -0.75   -0.68   -0.61   -0.43   -0.31   -0.14   -0.13   -0.03    0.25    0.37    0.39    0.69    0.73   -0.89 
     18      18      18      18      18      18      18      18      18      18      18      18      18      18      17 
  -0.79   -0.77   -0.72   -0.55   -0.49   -0.24    0.01    0.03     0.1     0.3    0.33    0.38    1.12    -1.2   -1.18 
     17      17      17      17      17      17      17      17      17      17      17      17      17      16      16 
  -1.12    -1.1   -1.04   -0.86    -0.8   -0.76   -0.58   -0.42   -0.41   -0.28   -0.01    0.21    0.22    0.27    0.47 
     16      16      16      16      16      16      16      16      16      16      16      16      16      16      16 
    0.7   -1.66   -1.49   -1.16   -1.13   -1.06   -0.92   -0.81 (Other)    NA's 
     16      15      15      15      15      15      15      15    3023   96456 
[1] "--------------------------------------"
[1] "Column: siteid"
[1] "Class: factor"
[1] "Summary:"
      1       3       4       2       7       6       8      12      29       5      17      18      26      16      27 
  55086    9661    4307    4256    2838    2653    2220    1220    1195    1189    1112     963     925     829     760 
     19      15      25      23      28      34      33      24      20      31       9      14      13      32      21 
    723     604     537     535     521     467     465     389     383     383     366     352     341     325     317 
     22      11       0     120     123      30     102     121      60     130      42      44      10      35      37 
    257     253     120      36      26      21      20      20      17      16      15      14      12      12      12 
     45      51      57      59      50     105      47      54      55      99      38      48      56     103     110 
     12      12      12      12      11      11      10      10      10      10       9       9       9       9       9 
     41      46      49      58      43     133      36      40      53      39      52     112     122     131     132 
      8       8       8       8       7       7       6       6       5       4       3       3       3       3       2 
    101     104     111     113     501     502     503     504     505     506     507     508     509     510     511 
      1       1       1       1       0       0       0       0       0       0       0       0       0       0       0 
    512     513     514     515     516     517     518     519 (Other)    NA's 
      0       0       0       0       0       0       0       0       0    4382 
[1] "--------------------------------------"
[1] "Column: ctrycd"
[1] "Class: factor"
[1] "Summary:"
  BFA   BGD   BLR   BRA   GMB   GTM   IND   MWI   NPL   PAK   PER   PHL   TZA   ZAF   ZWE  NA's 
  338 35179 16896   233  2634  1499 14170  3829   938   662   518  3058  2658   314 14087  4382 
[1] "--------------------------------------"
[1] "Column: region"
[1] "Class: factor"
[1] "Summary:"
       Africa     East Asia        Europe Latin America    South Asia          NA's 
        23860          3058         16896          2250         50949          4382 
[1] "--------------------------------------"
[1] "Column: citytown"
[1] "Class: factor"
[1] "Summary:"
                                                        AMANA                      AMTULBAI1 
                         19004                              1                            823 
                      BAKTAPUR                      CEBU CITY                          DHAKA 
                           240                           3058                           1329 
                     FARIDABAD                      FORTALEZA                      GAIBANDHA 
                          1533                            233                          32548 
                GUATEMALA CITY                         HARARE                        IQUITOS 
                           312                          14087                            303 
                        JALASI                        KARACHI                         KENEBA 
                             1                            282                           2634 
                      KIZUIANI                          KOCHE                           LIMA 
                             1                              4                            215 
                      LUNGWENA                       MAGOMENI                        MALINDI 
                           450                            953                            255 
                      MANGOCHI                        MATIARI                          MBULU 
                          2831                            380                            262 
                        MIRPUR                       MIRZAPUR                      MUHIMBILI 
                           765                            258                              1 
                       NAMWERA                      NEW DELHI NUEVA GUATEMALA DE LA ASUNCIÓN 
                           288                          11185                           1187 
                   OUAGADOUGOU                        RAMBUDA                     RANGI TATU 
                             0                            314                              1 
                    ROUNDTABLE                          SINZA                    SOUTH DELHI 
                             2                            597                            418 
                    TABATA 'A'                        TANDALE                         TEMEKE 
                             2                              1                              4 
                       VELLORE                           NA's 
                           251                           4382 
[1] "--------------------------------------"
[1] "Column: latitude"
[1] "Class: factor"
[1] "Summary:"
 -22.8 -14.49 -14.37 -14.35 -14.32 -14.27 -14.21 -12.04   -6.8  -3.75  -3.51   -3.2  10.31  11.14  12.33  12.92  13.33 
   314   2831    255    288      4    450      1    215   2396    303    262    233   3058    338      0    251   2634 
 14.63  14.82  17.86     23  23.81   24.1  24.94  25.25   25.6  26.84  27.67   28.4  28.48  28.52   28.7   53.9  78.93 
   312   1187  14087    629   1465    258    282  32548    380    698    240   1533    418   3804   7381  16896    783 
  NA's 
  4661 
[1] "--------------------------------------"
[1] "Column: longitud"
[1] "Class: factor"
[1] "Summary:"
-90.49 -90.46 -77.03 -73.25 -38.54 -16.01  -4.93  -1.67  12.85  27.57   30.4  31.03  35.13  35.25  35.26  35.28  35.32 
   312   1187    215    303    233   2634    338      0    783  16896    314  14087      4   3281      1    255    262 
 35.48   39.1  67.09  68.45   77.1  77.18  77.23  77.31  79.13  85.43  86.01   89.5     90  90.09  90.33  90.37  90.41 
   288   2396    282    380   7381    418   3804   1533    251    240    698  32548    629    258    500    265    700 
123.53   NA's 
  3058   4661 
[1] "--------------------------------------"
[1] "Column: clustid"
[1] "Class: factor"
[1] "Summary:"
      7      29       6      17      18      26       8       4      16      27      19      15       2      25      23 
   1230    1224    1205    1156     981     959     952     886     834     756     732     603     595     555     548 
     28       1      33      34       5      31      20      24      14      13      32      21       9      11      12 
    532     528     513     488     477     416     404     403     391     357     351     334     313     284     281 
     22       3     492     449     536     530     557     531     503     270     397     577     339     534     340 
    265     186     112      99      97      96      96      95      93      91      91      91      90      90      89 
     84     568     576     546     559     389     496     497     528     117     574     593      48      98     271 
     88      88      88      87      87      86      86      86      86      84      84      84      83      83      83 
    376     580      99     178     335     431     447     550     558     150     444     482     500     552     588 
     83      83      82      82      82      82      82      82      82      81      81      81      81      81      81 
    461     544     592     143     317     445     454     502     504     507     548     551     259     293     400 
     80      80      80      79      79      79      79      79      79      79      79      79      78      78      78 
    549     240     410     423     535     578     587     595 (Other)    NA's 
     78      77      77      77      77      77      77      77   25697   50418 
[1] "--------------------------------------"
[1] "Column: arm"
[1] "Class: factor"
[1] "Summary:"
                                            50,000 IU nippled + 400,000 IU Oval        50,000 IU nippled + Placebo Oval 
                                  19531                                    3524                                    3522 
                              a.LNS-Zn0                               b.LNS-Zn5                                     BSC 
                                      0                                       0                                      65 
                             c.LNS-Zn10                                     CFC                                Chickpea 
                                      0                                    1385                                     816 
                                Control                       Control (no Zinc)                           Control group 
                                   3864                                      42                                    8126 
                           d.LNS-TabZn5                               e.Control                      Experimental group 
                                      0                                       0                                    8770 
                   Food supplementation  Intermittent Zinc: 10 mg/d for 10 days                            Intervention 
                                    104                                     100                                    1165 
    Iron and folic acid supplementation                         Iron Folic Acid                            Likuni Phala 
                                    399                                   13498                                     200 
   Lipid-based nutrient supplementation                                LNS-10gM                                LNS-20gM 
                                    399                                     290                                     304 
                             LNS-20gNoM                                LNS-40gM                              LNS-40gNoM 
                                    305                                     301                                     309 
                                Milk FS                               MNT + BSC                               MNT + WPC 
                                    206                                      63                                      64 
 Multiple micronutrient supplementation                 Multiple Micronutrients                      Multivitamin Alone 
                                    404                                   13770                                     596 
                        No intervention               No Rotarix + No IPV (175)       No Rotarix + With IPV Boost (175) 
                                    106                                     175                                     175 
                Nutritional counselling       Placebo nippled + 400,000 IU Oval          Placebo nippled + Placebo Oval 
                                    104                                    3524                                    3517 
                             Plumpy Doz               Preventive Zinc: 7 mg/day                             Rice Lentil 
                                   1443                                     104                                     810 
                 Rotarix + No IPV (175)          Rotarix + With IPV Boost (175)                                  Soy FS 
                                    175                                     175                                     203 
                      Standard(Control) Therapeutic Zinc: 20 mg/day for 10 days                              Visitation 
                                    202                                      92                                     104 
                              Vitamin A                                     WPC                                   WSB++ 
                                   1894                                      64                                     826 
                    Zinc + Multivitamin                              Zinc Alone                                    NA's 
                                    602                                     596                                    4382 
[1] "--------------------------------------"
[1] "Column: tr"
[1] "Class: factor"
[1] "Summary:"
 Control      LNS Maternal    Other     VitA     Zinc     NA's 
   31442     3361    23343     5944    12464     1494    23347 
[1] "--------------------------------------"
[1] "Column: gagebrth"
[1] "Class: factor"
[1] "Summary:"
Full or late term           Preterm        Early term              NA's 
            27915              9858             18851             44771 
[1] "--------------------------------------"
[1] "Column: brthyr"
[1] "Class: factor"
[1] "Summary:"
 1969  1983  1987  1988  1989  1990  1991  1992  1993  1994  1995  1996  1997  1998  1999  2000  2001  2002  2003  2004 
 8568  3058    60    98    98    85    72   121   171   481  3407  5376 13133  6950  7542  1044   133   339   296   139 
 2005  2006  2007  2008  2009  2010  2011  2012  2013  NA's 
  104   134   738  7279 10264  9953  7399  7554   284  6515 
[1] "--------------------------------------"
[1] "Column: brthmon"
[1] "Class: factor"
[1] "Summary:"
    1     2     3     4     5     6     7     8     9    10    11    12  NA's 
 6708  6459  7381  6114  5623  5791  6808  7644  7816  7814  7690  8081 17466 
[1] "--------------------------------------"
[1] "Column: parity"
[1] "Class: factor"
[1] "Summary:"
    1     2    3+  NA's 
20335 17419 21642 41999 
[1] "--------------------------------------"
[1] "Column: birthwt"
[1] "Class: factor"
[1] "Summary:"
Normal or high birthweight            Low birthweight                       NA's 
                     68302                      17294                      15799 
[1] "--------------------------------------"
[1] "Column: birthlen"
[1] "Class: factor"
[1] "Summary:"
   >=50 cm     <48 cm [48-50) cm       NA's 
     29518      30557      20148      21172 
[1] "--------------------------------------"
[1] "Column: vagbrth"
[1] "Class: factor"
[1] "Summary:"
    0     1  NA's 
 5762 62313 33320 
[1] "--------------------------------------"
[1] "Column: hdlvry"
[1] "Class: factor"
[1] "Summary:"
    0     1  NA's 
10093  8164 83138 
[1] "--------------------------------------"
[1] "Column: mage"
[1] "Class: factor"
[1] "Summary:"
[20-30)     <20    >=30    NA's 
  53812   19705   14922   12956 
[1] "--------------------------------------"
[1] "Column: mhtcm"
[1] "Class: factor"
[1] "Summary:"
    >=155 cm      <151 cm [151-155) cm         NA's 
       34104        23866        13522        29903 
[1] "--------------------------------------"
[1] "Column: mwtkg"
[1] "Class: factor"
[1] "Summary:"
   >=58 kg     <52 kg [52-58) kg       NA's 
     19687       9090       7993      64625 
[1] "--------------------------------------"
[1] "Column: mbmi"
[1] "Class: factor"
[1] "Summary:"
Normal weight   Underweight          NA's 
        33001          2216         66178 
[1] "--------------------------------------"
[1] "Column: meducyrs"
[1] "Class: factor"
[1] "Summary:"
  High    Low Medium   NA's 
 26388  31289  30912  12806 
[1] "--------------------------------------"
[1] "Column: single"
[1] "Class: factor"
[1] "Summary:"
    0     1  NA's 
44778  3070 53547 
[1] "--------------------------------------"
[1] "Column: fage"
[1] "Class: factor"
[1] "Summary:"
   >=38     <32 [32-38)    NA's 
   2415   19070    4452   75458 
[1] "--------------------------------------"
[1] "Column: fhtcm"
[1] "Class: factor"
[1] "Summary:"
    >=167 cm      <162 cm [162-167) cm         NA's 
       13503          924         1660        85308 
[1] "--------------------------------------"
[1] "Column: feducyrs"
[1] "Class: factor"
[1] "Summary:"
  High    Low Medium   NA's 
 17369  29173  33108  21745 
[1] "--------------------------------------"
[1] "Column: trth2o"
[1] "Class: factor"
[1] "Summary:"
    1     0  NA's 
  952  1186 99257 
[1] "--------------------------------------"
[1] "Column: cleanck"
[1] "Class: factor"
[1] "Summary:"
    1     0  NA's 
 4966  3599 92830 
[1] "--------------------------------------"
[1] "Column: impfloor"
[1] "Class: factor"
[1] "Summary:"
    1     0  NA's 
 6459 31269 63667 
[1] "--------------------------------------"
[1] "Column: nrooms"
[1] "Class: factor"
[1] "Summary:"
   4+     1     2     3  NA's 
 3347 27295 12992  4900 52861 
[1] "--------------------------------------"
[1] "Column: nhh"
[1] "Class: factor"
[1] "Summary:"
3 or less       4-5       6-7        8+      NA's 
      783      1688       940       573     97411 
[1] "--------------------------------------"
[1] "Column: nchldlt5"
[1] "Class: factor"
[1] "Summary:"
    1    2+  NA's 
21455 12799 67141 
[1] "--------------------------------------"
[1] "Column: earlybf"
[1] "Class: factor"
[1] "Summary:"
    1     0  NA's 
13545 37673 50177 
[1] "--------------------------------------"
[1] "Column: hfoodsec"
[1] "Class: factor"
[1] "Summary:"
         Food Secure Mildly Food Insecure        Food Insecure                 NA's 
               13581                 8825                 5667                73322 
[1] "--------------------------------------"
[1] "Column: measurefreq"
[1] "Class: factor"
[1] "Summary:"
  monthly quarterly    yearly      NA's 
    10268     79585      7160      4382 
[1] "--------------------------------------"
[1] "Column: enstunt"
[1] "Class: factor"
[1] "Summary:"
    0     1  NA's 
80285 16728  4382 
[1] "--------------------------------------"
[1] "Column: hhwealth_quart"
[1] "Class: factor"
[1] "Summary:"
Wealth Q4 Wealth Q1 Wealth Q2 Wealth Q3      NA's 
    11258     11184     10923     11341     56689 
[1] "--------------------------------------"
[1] "Column: id"
[1] "Class: numeric"
[1] "Summary:"
   Min. 1st Qu.  Median    Mean 3rd Qu.    Max.    NA's 
      1   11301   21700   22638   34489   42787    4382 
[1] "--------------------------------------"
[1] "Column: W_gagebrth"
[1] "Class: integer"
[1] "Summary:"
   Min. 1st Qu.  Median    Mean 3rd Qu.    Max.    NA's 
  144.0   266.0   273.0   272.4   280.0   340.0   44771 
[1] "--------------------------------------"
[1] "Column: W_birthwt"
[1] "Class: numeric"
[1] "Summary:"
   Min. 1st Qu.  Median    Mean 3rd Qu.    Max.    NA's 
    820    2570    2920    2965    3300    9998   15799 
[1] "--------------------------------------"
[1] "Column: W_birthlen"
[1] "Class: numeric"
[1] "Summary:"
   Min. 1st Qu.  Median    Mean 3rd Qu.    Max.    NA's 
  21.80   46.80   48.80   48.85   51.00   69.40   21172 
[1] "--------------------------------------"
[1] "Column: W_mage"
[1] "Class: numeric"
[1] "Summary:"
   Min. 1st Qu.  Median    Mean 3rd Qu.    Max.    NA's 
   9.00   20.00   23.00   24.03   27.00   70.00   12956 
[1] "--------------------------------------"
[1] "Column: W_mhtcm"
[1] "Class: numeric"
[1] "Summary:"
   Min. 1st Qu.  Median    Mean 3rd Qu.    Max.    NA's 
   41.0   149.1   154.2   155.1   161.0   199.0   29903 
[1] "--------------------------------------"
[1] "Column: W_mwtkg"
[1] "Class: numeric"
[1] "Summary:"
   Min. 1st Qu.  Median    Mean 3rd Qu.    Max.    NA's 
  30.00   52.00   58.70   60.47   67.00  168.00   64625 
[1] "--------------------------------------"
[1] "Column: W_mbmi"
[1] "Class: numeric"
[1] "Summary:"
   Min. 1st Qu.  Median    Mean 3rd Qu.    Max.    NA's 
  12.40   20.70   22.86   23.63   25.61  892.33   66178 
[1] "--------------------------------------"
[1] "Column: W_fage"
[1] "Class: integer"
[1] "Summary:"
   Min. 1st Qu.  Median    Mean 3rd Qu.    Max.    NA's 
  15.00   24.00   27.00   28.58   32.00   80.00   75458 
[1] "--------------------------------------"
[1] "Column: W_fhtcm"
[1] "Class: numeric"
[1] "Summary:"
   Min. 1st Qu.  Median    Mean 3rd Qu.    Max.    NA's 
    130     170     175     174     179     205   85308 
[1] "--------------------------------------"
[1] "Column: W_meducyrs"
[1] "Class: integer"
[1] "Summary:"
   Min. 1st Qu.  Median    Mean 3rd Qu.    Max.    NA's 
  0.000   3.000   8.000   7.202  11.000  24.000   12806 
[1] "--------------------------------------"
[1] "Column: W_feducyrs"
[1] "Class: integer"
[1] "Summary:"
   Min. 1st Qu.  Median    Mean 3rd Qu.    Max.    NA's 
  0.000   3.000   9.000   7.861  12.000  27.000   21745 
[1] "--------------------------------------"
[1] "Column: W_nrooms"
[1] "Class: integer"
[1] "Summary:"
   Min. 1st Qu.  Median    Mean 3rd Qu.    Max.    NA's 
   1.00    1.00    1.00    1.74    2.00   77.00   52861 
[1] "--------------------------------------"
[1] "Column: W_nhh"
[1] "Class: integer"
[1] "Summary:"
   Min. 1st Qu.  Median    Mean 3rd Qu.    Max.    NA's 
   1.00    4.00    5.00    5.35    6.00   20.00   97411 
[1] "--------------------------------------"
[1] "Column: W_nchldlt5"
[1] "Class: numeric"
[1] "Summary:"
   Min. 1st Qu.  Median    Mean 3rd Qu.    Max.    NA's 
   1.00    1.00    1.00    1.42    2.00   11.00   67141 
[1] "--------------------------------------"
[1] "Column: W_parity"
[1] "Class: numeric"
[1] "Summary:"
   Min. 1st Qu.  Median    Mean 3rd Qu.    Max.    NA's 
   1.00    1.00    2.00    2.36    3.00   19.00   41999 
[1] "--------------------------------------"
[1] "Column: impsan"
[1] "Class: factor"
[1] "Summary:"
    1     0  NA's 
30781 20272 50342 
[1] "--------------------------------------"
[1] "Column: safeh20"
[1] "Class: factor"
[1] "Summary:"
    1     0  NA's 
41019  1863 58513 
[1] "--------------------------------------"
[1] "Column: perdiar6"
[1] "Class: factor"
[1] "Summary:"
      0% (0%, 5%]      >5%     NA's 
    1856     1301     1278    96960 
[1] "--------------------------------------"
[1] "Column: perdiar24"
[1] "Class: factor"
[1] "Summary:"
      0% (0%, 5%]      >5%     NA's 
    2135     6022     2282    90956 
[1] "--------------------------------------"
[1] "Column: W_perdiar6"
[1] "Class: numeric"
[1] "Summary:"
   Min. 1st Qu.  Median    Mean 3rd Qu.    Max.    NA's 
   0.00    0.00    0.02    0.04    0.06    0.62   96960 
[1] "--------------------------------------"
[1] "Column: W_perdiar24"
[1] "Class: numeric"
[1] "Summary:"
   Min. 1st Qu.  Median    Mean 3rd Qu.    Max.    NA's 
   0.00    0.01    0.02    0.04    0.05    1.00   90956 
[1] "--------------------------------------"
[1] "Column: predfeed3"
[1] "Class: factor"
[1] "Summary:"
    1     0  NA's 
24736  3596 73063 
[1] "--------------------------------------"
[1] "Column: exclfeed3"
[1] "Class: factor"
[1] "Summary:"
    1     0  NA's 
27101  4419 69875 
[1] "--------------------------------------"
[1] "Column: predfeed6"
[1] "Class: factor"
[1] "Summary:"
    1     0  NA's 
26406  8850 66139 
[1] "--------------------------------------"
[1] "Column: exclfeed6"
[1] "Class: factor"
[1] "Summary:"
    1     0  NA's 
27623 11051 62721 
[1] "--------------------------------------"
[1] "Column: predfeed36"
[1] "Class: factor"
[1] "Summary:"
    1     0  NA's 
20779  7134 73482 
[1] "--------------------------------------"
[1] "Column: exclfeed36"
[1] "Class: factor"
[1] "Summary:"
    1     0  NA's 
21310  9239 70846 
[1] "--------------------------------------"
[1] "Column: predexfd6"
[1] "Class: factor"
[1] "Summary:"
    1     0  NA's 
27893 10781 62721 
[1] "--------------------------------------"
