[1] "File Name: stuntwast_mortality_024.Rdata"
[1] "Dimensions:"
[1] 71664    94
[1] "--------------------------------------"
[1] "Class of Data: data.frame"
[1] "--------------------------------------"
[1] "Column: studyid"
[1] "Class: character"
[1] "Summary:"
   Length     Class      Mode 
    71664 character character 
[1] "--------------------------------------"
[1] "Column: subjid"
[1] "Class: character"
[1] "Summary:"
   Length     Class      Mode 
    71664 character character 
[1] "--------------------------------------"
[1] "Column: country"
[1] "Class: character"
[1] "Summary:"
   Length     Class      Mode 
    71664 character character 
[1] "--------------------------------------"
[1] "Column: ever_wasted024"
[1] "Class: factor"
[1] "Summary:"
    0     1  NA's 
52136 18813   715 
[1] "--------------------------------------"
[1] "Column: ever_swasted024"
[1] "Class: factor"
[1] "Summary:"
    0     1  NA's 
65581  5368   715 
[1] "--------------------------------------"
[1] "Column: pers_wasted024"
[1] "Class: factor"
[1] "Summary:"
    0     1  NA's 
65309  5640   715 
[1] "--------------------------------------"
[1] "Column: ever_stunted024"
[1] "Class: factor"
[1] "Summary:"
    0     1  NA's 
36819 34564   281 
[1] "--------------------------------------"
[1] "Column: ever_sstunted024"
[1] "Class: factor"
[1] "Summary:"
    0     1  NA's 
58074 13309   281 
[1] "--------------------------------------"
[1] "Column: ever_underweight024"
[1] "Class: factor"
[1] "Summary:"
    0     1  NA's 
40089 31546    29 
[1] "--------------------------------------"
[1] "Column: ever_sunderweight024"
[1] "Class: factor"
[1] "Summary:"
    0     1  NA's 
59613 12022    29 
[1] "--------------------------------------"
[1] "Column: ever_co024"
[1] "Class: factor"
[1] "Summary:"
    0     1  NA's 
63682  7217   765 
[1] "--------------------------------------"
[1] "Column: ever_wasted06_noBW"
[1] "Class: factor"
[1] "Summary:"
    0     1  NA's 
56406  3468 11790 
[1] "--------------------------------------"
[1] "Column: ever_swasted06_noBW"
[1] "Class: factor"
[1] "Summary:"
    0     1  NA's 
59022   852 11790 
[1] "--------------------------------------"
[1] "Column: sex"
[1] "Class: factor"
[1] "Summary:"
Female   Male   NA's 
 35111  36362    191 
[1] "--------------------------------------"
[1] "Column: month"
[1] "Class: factor"
[1] "Summary:"
   1    2    3    4    5    6    7    8    9   10   11   12 NA's 
7015 6645 5545 5556 5256 4638 5259 5802 6466 5776 5674 7141  891 
[1] "--------------------------------------"
[1] "Column: wtkg"
[1] "Class: factor"
[1] "Summary:"
      3     2.8     2.9     3.1     2.7     3.2     2.6     2.5     3.3     3.4     3.5     2.4     3.6     3.7     2.3    2.75    2.74     3.8       4     3.9    2.76    2.95    2.56    2.55    2.65     2.2 
   1150    1020     908     894     862     859     802     777     708     682     607     570     490     462     450     420     395     384     384     374     372     367     366     365     365     364 
   2.62    2.85    2.68    2.64    2.84    2.73    2.78    2.72    2.66    2.58    2.67    2.45    2.48    2.82    2.87    2.63    2.52    2.69    2.71    2.59     4.1    2.88    2.53    2.44    2.61    2.47 
    364     364     362     358     357     348     345     342     338     337     337     335     335     335     333     331     329     329     329     327     321     319     314     311     311     309 
   2.77    3.02    2.42    2.43    2.57    2.86    2.51    2.54    2.92    2.37    2.98    2.79    2.41    3.04    2.49    2.46    2.38    2.39    2.81     4.2    2.83    3.05    3.06    2.89    2.96    2.34 
    309     309     307     307     307     307     305     305     305     300     300     298     296     296     294     288     287     287     287     287     285     285     284     282     281     277 
   3.12    2.91    2.35    2.99    2.36    2.97    2.94     2.1    2.26    2.24    3.01     4.3    2.32    2.93    3.15    2.28    3.08    3.14       2    2.31 (Other)    NA's 
    277     272     268     265     263     263     262     261     260     252     250     250     245     245     245     244     244     237     229     225   34547     268 
[1] "--------------------------------------"
[1] "Column: htcm"
[1] "Class: factor"
[1] "Summary:"
     46    48.5    47.5    46.5    45.5      48      45      47      49    49.5    44.5    48.4    48.6      44    47.1    48.1    48.3    46.3      50    50.5    47.3    46.4    49.1    43.5      51    47.6 
    115      80      72      71      60      54      49      47      45      44      39      34      29      28      27      26      26      24      24      24      22      20      19      18      18      17 
   48.8    48.9    49.4    46.8    47.4      43    49.3    47.2    46.1    46.6    47.8    51.5    48.2    46.9    47.9    49.6      42    46.2    49.9    50.3    50.6    41.5    42.5    49.2    50.1    50.2 
     17      17      17      16      16      14      14      13      12      12      12      12      11      10      10      10       9       9       9       9       9       8       8       8       8       8 
   52.5    50.4    52.2      41    48.7    49.8    51.1      40    45.3    45.6    46.7    49.7    50.7    50.8    51.4      52    52.3    53.5    40.5    45.1    50.9    51.3      53    45.4    47.7    51.7 
      8       7       7       6       6       6       6       5       5       5       5       5       5       5       5       5       5       5       4       4       4       4       4       3       3       3 
   52.1    43.4    44.1    44.3    45.2    51.6    51.8    51.9    52.4    52.6    52.8    52.9    58.9    59.5    64.6      80    82.3    89.3      36    37.5 (Other)    NA's 
      3       2       2       2       2       2       2       2       2       2       2       2       2       2       2       2       2       2       1       1      48   70117 
[1] "--------------------------------------"
[1] "Column: lencm"
[1] "Class: factor"
[1] "Summary:"
     49      50      48      47      51      46    47.5      52    48.5    49.5    46.5    47.2      45    48.2    47.1    48.1    47.3    46.1    46.2    47.6    49.1    48.3    49.2    46.6    48.6      54 
   2365    2186    2146    1739    1446    1163    1001     963     938     927     891     873     858     841     815     797     725     720     706     658     654     610     610     603     603     589 
   47.8      53    46.3    46.4    47.4    45.5    48.4    46.7    46.8    47.7    45.6    48.7    45.1    50.1    50.5      55    49.6    45.3    48.8    45.2      56    49.4    44.5    49.3    45.4    49.8 
    586     584     582     573     572     561     550     546     528     520     519     517     503     502     492     481     466     443     440     437     436     422     421     418     415     410 
     44    45.7    51.5    47.9    50.2    46.9    45.8    49.7    48.9    49.9    45.9    44.6    50.4      57    50.3    44.1    51.2    52.5    44.2    51.1    52.1    44.8    44.9    50.6    44.3    54.5 
    400     397     396     384     383     380     355     353     351     334     309     281     281     277     276     274     274     269     266     261     256     252     249     240     236     233 
     58    53.5    44.4    51.3    51.4    44.7      43    50.7    52.3    50.8    53.2    51.6    52.2    55.5    43.5    53.4    53.1    43.3    43.2      42 (Other)    NA's 
    232     219     218     215     214     213     206     201     195     193     193     187     187     184     179     179     175     170     168     161   18718    1739 
[1] "--------------------------------------"
[1] "Column: hcircm"
[1] "Class: factor"
[1] "Summary:"
     34      33      35    33.5    34.5      32      36    32.5    33.4    33.2    34.2    33.1    34.1    33.6    34.4    35.5    32.4    33.3    32.6    34.3    33.7    34.6    32.2    32.1      37      38 
   2530    2085    1933    1591    1512    1400    1284    1262    1239    1161    1138    1106    1031    1014     913     911     903     889     873     862     848     844     843     835     815     788 
   32.3    33.8    35.2    32.8    31.5    35.1    32.7    35.4      31    35.6    34.8    36.5      39    34.7    32.9    33.9    31.4    31.6    35.3    36.1    36.2    31.2    31.7    31.1    31.8    35.7 
    785     782     779     744     743     723     691     686     669     661     650     624     606     585     582     545     539     536     491     484     477     464     447     446     446     440 
   35.8    31.9    37.5    36.4      40    34.9    31.3    36.3    30.5    36.6    35.9    38.5    37.1    36.7    36.8    37.2      30    37.4    30.1    30.4    30.6    39.5    37.3    30.7    36.9    30.9 
    435     431     417     402     376     356     337     325     307     305     291     286     265     259     254     251     245     243     226     222     207     206     198     197     192     188 
   30.8      41    37.6    40.5    30.2    37.8    30.3    38.4    40.1    41.5    38.2    38.1    29.5    37.7      42    29.8    41.6    38.6    38.3    42.5 (Other)    NA's 
    186     182     177     175     167     163     146     138     137     136     129     127     121     112     108     107     107     105     103     103    4233   11046 
[1] "--------------------------------------"
[1] "Column: muaccm"
[1] "Class: factor"
[1] "Summary:"
    9.5      10     9.2     9.1     9.6     9.4     9.3    10.1       9     9.8     9.7    10.2     9.9      13    10.4    10.5      12    10.3     8.9    10.6     8.7      11     8.8     8.6     8.5      14 
   1617    1458    1432    1401    1378    1356    1354    1332    1258    1215    1204    1155    1087     986     981     955     949     943     920     825     823     782     778     748     724     626 
   13.5    10.7     8.4    12.5    10.8    11.2    11.5     8.3    13.1    13.6    12.6    14.5     8.2    11.1    11.4    13.4    13.7    11.3    10.9    12.4     8.1    13.2    11.6    14.1    12.7    12.1 
    611     577     547     543     524     493     490     450     448     428     416     408     404     402     385     383     382     380     379     373     370     369     358     352     346     339 
   13.8    12.9    14.2    12.2    13.3    12.3       8    12.8    11.7    14.4    14.3      15    13.9    11.8    14.6     7.8    11.9    15.1    14.7    14.8    14.9    15.5     7.9     7.7    15.2     7.5 
    331     326     325     322     320     318     308     303     277     276     273     269     260     258     257     228     219     178     170     162     158     155     150     132     132     108 
   15.4    15.3     7.6    15.6     7.4    15.7      16    15.8       7     7.3     7.2     7.1    16.1    15.9    16.2    16.5    16.3    16.6    16.4     6.7 (Other)    NA's 
    105     104     101      99      81      67      64      62      60      59      57      53      51      46      36      35      29      28      24      22     204   24618 
[1] "--------------------------------------"
[1] "Column: muaz"
[1] "Class: factor"
[1] "Summary:"
  -0.22   -0.59   -0.79   -0.71   -0.21   -0.47   -0.18   -0.66   -0.24   -1.11   -0.67   -0.62    -0.3   -0.78    -0.7   -0.54   -0.25   -0.15   -1.13   -1.05   -0.81   -0.68   -0.28    0.28   -0.51    -0.4 
     65      56      55      53      53      52      51      50      50      49      49      49      48      47      47      47      47      47      46      46      46      46      46      46      45      45 
  -1.26   -1.01    -0.9   -0.65   -0.46   -1.39   -1.28   -1.08   -0.95   -0.57   -0.37   -1.44    -0.6   -0.56    -0.5   -0.41   -0.11   -1.18   -1.17   -1.14   -1.09   -0.43    -1.2   -1.02   -0.92   -0.89 
     44      44      44      44      44      43      43      42      42      42      42      41      41      41      41      41      41      40      40      40      40      40      39      39      39      39 
  -0.86   -0.83   -0.75   -0.58   -0.09   -0.08   -0.01   -1.57   -0.93   -0.84   -0.53   -0.44   -0.42   -0.27   -0.17   -1.33   -0.98   -0.97   -0.85   -0.76   -0.74   -0.61   -0.39   -0.31   -0.13    -0.1 
     39      39      39      39      39      39      39      38      38      38      38      38      38      38      38      37      37      37      37      37      37      37      37      37      37      37 
      0    0.03    0.18    0.24   -1.47   -1.43   -1.22   -1.16   -0.48   -0.45   -0.34   -0.14   -0.12    0.25    -1.7    -1.3    -1.1   -0.99   -0.87   -0.64 (Other)    NA's 
     37      37      37      37      36      36      36      36      36      36      36      36      36      36      35      35      35      35      35      35    7113   60492 
[1] "--------------------------------------"
[1] "Column: siteid"
[1] "Class: factor"
[1] "Summary:"
      1       3       2       6       7       8      12       5     120     121      19      28      16     105       4      27      18     102     130      29      24      22      30     123      15     103 
  52413    2328    2018    1719    1549    1451     976     869     568     502     474     436     410     356     349     344     335     326     318     309     278     257     235     234     201     184 
     25      20      21       0      14      32     111     110     112     101     132     113     104     131     133      17      31     122      60      42       9      44      10      23      35      37 
    144     141     130     120     113     112     101     100      98      92      86      83      73      73      69      65      53      50      17      15      14      14      12      12      12      12 
     45      51      57      59      13      50      47      54      55      99      38      48      56      41      46      49      58      33      43      34      36      40      11      26      53      39 
     12      12      12      12      11      11      10      10      10      10       9       9       9       8       8       8       8       7       7       6       6       6       5       5       5       4 
     52     501     502     503     504     505     506     507     508     509     510     511     512     513     514     515     516     517     518     519 (Other)    NA's 
      3       0       0       0       0       0       0       0       0       0       0       0       0       0       0       0       0       0       0       0       0     191 
[1] "--------------------------------------"
[1] "Column: ctrycd"
[1] "Class: factor"
[1] "Summary:"
  BFA   BGD   BLR   BRA   GMB   GTM   IND   MWI   NPL   PAK   PER   PHL   TZA   ZAF   ZWE  NA's 
 7167 33688     0     0  2931     0  6111  3136   698   380   303     0  2658   314 14087   191 
[1] "--------------------------------------"
[1] "Column: region"
[1] "Class: factor"
[1] "Summary:"
       Africa     East Asia        Europe Latin America    South Asia          NA's 
        30293             0             0           303         40877           191 
[1] "--------------------------------------"
[1] "Column: citytown"
[1] "Class: factor"
[1] "Summary:"
                                                        AMANA                      AMTULBAI1                       BAKTAPUR                      CEBU CITY                          DHAKA 
                          7875                              1                            823                              0                              0                            700 
                     FARIDABAD                      FORTALEZA                      GAIBANDHA                 GUATEMALA CITY                         HARARE                        IQUITOS 
                          1533                              0                          32723                              0                          14087                            303 
                        JALASI                        KARACHI                         KENEBA                       KIZUIANI                          KOCHE                           LIMA 
                             1                              0                           2931                              1                              4                              0 
                      LUNGWENA                       MAGOMENI                        MALINDI                       MANGOCHI                        MATIARI                          MBULU 
                           453                            953                            255                           2132                            380                            262 
                        MIRPUR                       MIRZAPUR                      MUHIMBILI                        NAMWERA                      NEW DELHI NUEVA GUATEMALA DE LA ASUNCIÓN 
                           265                              0                              1                            291                           3909                              0 
                   OUAGADOUGOU                        RAMBUDA                     RANGI TATU                     ROUNDTABLE                          SINZA                    SOUTH DELHI 
                             0                            314                              1                              2                            597                            418 
                    TABATA 'A'                        TANDALE                         TEMEKE                        VELLORE                           NA's 
                             2                              1                              4                            251                            191 
[1] "--------------------------------------"
[1] "Column: latitude"
[1] "Class: factor"
[1] "Summary:"
 -22.8 -14.49 -14.37 -14.35 -14.32 -14.27 -14.21 -12.04   -6.8  -3.75  -3.51   -3.2  10.31  11.14  12.33  12.92  13.33  14.63  14.82  17.86     23  23.81   24.1  24.94  25.25   25.6  26.84  27.67   28.4  28.48 
   314   2132    255    291      4    453      1      0   2396    303    262      0      0   7167      0    251   2931      0      0  14087      0    965      0      0  32723    380    698      0   1533    418 
 28.52   28.7   53.9  78.93   NA's 
  3909      0      0      0    191 
[1] "--------------------------------------"
[1] "Column: longitud"
[1] "Class: factor"
[1] "Summary:"
-90.49 -90.46 -77.03 -73.25 -38.54 -16.01  -4.93  -1.67  12.85  27.57   30.4  31.03  35.13  35.25  35.26  35.28  35.32  35.48   39.1  67.09  68.45   77.1  77.18  77.23  77.31  79.13  85.43  86.01   89.5     90 
     0      0      0    303      0   2931   7167      0      0      0    314  14087      4   2585      1    255    262    291   2396      0    380      0    418   3909   1533    251      0    698  32723      0 
 90.09  90.33  90.37  90.41 123.53   NA's 
     0      0    265    700      0    191 
[1] "--------------------------------------"
[1] "Column: clustid"
[1] "Class: factor"
[1] "Summary:"
      2       6       1       7       5       4       8       3     492     449     536     530     557     531     503     270     397     577     534     339     340     546      84     568     576     559 
    284     276     269     258     229     224     206     188     113     101      97      96      96      95      94      92      91      91      90      89      89      89      88      88      88      87 
    389     496     497     528     580     117     574     593      48      98     271     376     431     447     558      99     178     335     444     544     588     150     461     482     500     550 
     86      86      86      86      85      84      84      84      83      83      83      83      83      83      83      82      82      82      82      82      82      81      81      81      81      81 
    552     293     445     502     507     549     551     592     143     423     454     504     548     578     240     259     317     400     410     535     137     393     455     587     595     146 
     81      80      80      80      80      80      80      80      79      79      79      79      79      79      78      78      78      78      78      78      77      77      77      77      77      76 
    177     433     553     131     147     188     338     561      91     273     324     446     451     501     506     105     359     563     575     159 (Other)    NA's 
     76      76      76      75      75      75      75      75      74      74      74      74      74      74      74      73      73      73      73      72   24960   37408 
[1] "--------------------------------------"
[1] "Column: arm"
[1] "Class: factor"
[1] "Summary:"
                                            50,000 IU nippled + 400,000 IU Oval        50,000 IU nippled + Placebo Oval                               a.LNS-Zn0                               b.LNS-Zn5 
                                   5914                                    3524                                    3522                                       0                                       0 
                                    BSC                              c.LNS-Zn10                                     CFC                                Chickpea                                 Control 
                                      0                                       0                                    1435                                     842                                    3360 
                      Control (no Zinc)                           Control group                            d.LNS-TabZn5                               e.Control                      Experimental group 
                                   1213                                       0                                       0                                       0                                       0 
                   Food supplementation  Intermittent Zinc: 10 mg/d for 10 days                            Intervention     Iron and folic acid supplementation                         Iron Folic Acid 
                                    104                                    1985                                     551                                     400                                   13503 
                           Likuni Phala    Lipid-based nutrient supplementation                                LNS-10gM                                LNS-20gM                              LNS-20gNoM 
                                      0                                     400                                     321                                     322                                     322 
                               LNS-40gM                              LNS-40gNoM                                 Milk FS                               MNT + BSC                               MNT + WPC 
                                    322                                     324                                       0                                       0                                       0 
 Multiple micronutrient supplementation                 Multiple Micronutrients                      Multivitamin Alone                         No intervention               No Rotarix + No IPV (175) 
                                    405                                   13777                                     596                                     106                                     175 
      No Rotarix + With IPV Boost (175)                 Nutritional counselling       Placebo nippled + 400,000 IU Oval          Placebo nippled + Placebo Oval                              Plumpy Doz 
                                    175                                     104                                    3524                                    3517                                    1491 
              Preventive Zinc: 7 mg/day                             Rice Lentil                  Rotarix + No IPV (175)          Rotarix + With IPV Boost (175)                                  Soy FS 
                                   1977                                     825                                     175                                     175                                       0 
                      Standard(Control) Therapeutic Zinc: 20 mg/day for 10 days                              Visitation                               Vitamin A                                     WPC 
                                      0                                    1992                                     104                                    1943                                       0 
                                  WSB++                     Zinc + Multivitamin                              Zinc Alone                                    NA's 
                                    850                                     602                                     596                                     191 
[1] "--------------------------------------"
[1] "Column: tr"
[1] "Class: factor"
[1] "Summary:"
 Control      LNS Maternal    Other     VitA     Zinc     NA's 
   23709     3102    14582     5011    12513     7152     5595 
[1] "--------------------------------------"
[1] "Column: gagebrth"
[1] "Class: factor"
[1] "Summary:"
Full or late term           Preterm        Early term              NA's 
            16431              6428              8666             40139 
[1] "--------------------------------------"
[1] "Column: brthyr"
[1] "Class: factor"
[1] "Summary:"
 1969  1983  1987  1988  1989  1990  1991  1992  1993  1994  1995  1996  1997  1998  1999  2000  2001  2002  2003  2004  2005  2006  2007  2008  2009  2010  2011  2012  2013  NA's 
    0     0    63   108    98    85    72   121    84   298  3483   847   555  6873  7553  1074   156   145   149   159   126   169   329  6782 12444 12491  7441  7431   263  2265 
[1] "--------------------------------------"
[1] "Column: brthmon"
[1] "Class: factor"
[1] "Summary:"
   1    2    3    4    5    6    7    8    9   10   11   12 NA's 
6069 6047 6792 5355 4892 5054 5567 6350 6526 6266 6132 6423  191 
[1] "--------------------------------------"
[1] "Column: parity"
[1] "Class: factor"
[1] "Summary:"
    1     2    3+  NA's 
19823 16448 19798 15595 
[1] "--------------------------------------"
[1] "Column: birthwt"
[1] "Class: factor"
[1] "Summary:"
Normal or high birthweight            Low birthweight                       NA's 
                     36541                      14423                      20700 
[1] "--------------------------------------"
[1] "Column: birthlen"
[1] "Class: factor"
[1] "Summary:"
   >=50 cm     <48 cm [48-50) cm       NA's 
      8112      25041      13333      25178 
[1] "--------------------------------------"
[1] "Column: vagbrth"
[1] "Class: factor"
[1] "Summary:"
    0     1  NA's 
 3512 46381 21771 
[1] "--------------------------------------"
[1] "Column: hdlvry"
[1] "Class: factor"
[1] "Summary:"
    0     1  NA's 
 5602  6035 60027 
[1] "--------------------------------------"
[1] "Column: mage"
[1] "Class: factor"
[1] "Summary:"
[20-30)     <20    >=30    NA's 
  36307   17339   10791    7227 
[1] "--------------------------------------"
[1] "Column: mhtcm"
[1] "Class: factor"
[1] "Summary:"
    >=155 cm      <151 cm [151-155) cm         NA's 
       23191        19687        11581        17205 
[1] "--------------------------------------"
[1] "Column: mwtkg"
[1] "Class: factor"
[1] "Summary:"
   >=58 kg     <52 kg [52-58) kg       NA's 
     10978      33437       8573      18676 
[1] "--------------------------------------"
[1] "Column: mbmi"
[1] "Class: factor"
[1] "Summary:"
Normal weight   Underweight          NA's 
        39056         12333         20275 
[1] "--------------------------------------"
[1] "Column: meducyrs"
[1] "Class: factor"
[1] "Summary:"
  High    Low Medium   NA's 
 22208  24628  19769   5059 
[1] "--------------------------------------"
[1] "Column: single"
[1] "Class: factor"
[1] "Summary:"
    0     1  NA's 
24095  2208 45361 
[1] "--------------------------------------"
[1] "Column: fage"
[1] "Class: factor"
[1] "Summary:"
   >=38     <32 [32-38)    NA's 
    956    3373    1081   66254 
[1] "--------------------------------------"
[1] "Column: fhtcm"
[1] "Class: factor"
[1] "Summary:"
    >=167 cm      <162 cm [162-167) cm         NA's 
        1769          526          953        68416 
[1] "--------------------------------------"
[1] "Column: feducyrs"
[1] "Class: factor"
[1] "Summary:"
  High    Low Medium   NA's 
 13228  20133  25419  12884 
[1] "--------------------------------------"
[1] "Column: trth2o"
[1] "Class: factor"
[1] "Summary:"
    1     0  NA's 
  201   751 70712 
[1] "--------------------------------------"
[1] "Column: cleanck"
[1] "Class: factor"
[1] "Summary:"
    1     0  NA's 
 4312  3114 64238 
[1] "--------------------------------------"
[1] "Column: impfloor"
[1] "Class: factor"
[1] "Summary:"
    1     0  NA's 
 4267 31035 36362 
[1] "--------------------------------------"
[1] "Column: nrooms"
[1] "Class: factor"
[1] "Summary:"
   4+     1     2     3  NA's 
 2798 23120 10990  4456 30300 
[1] "--------------------------------------"
[1] "Column: nhh"
[1] "Class: factor"
[1] "Summary:"
3 or less       4-5       6-7        8+      NA's 
      281       593       337       187     70266 
[1] "--------------------------------------"
[1] "Column: nchldlt5"
[1] "Class: factor"
[1] "Summary:"
    1    2+  NA's 
20507 11912 39245 
[1] "--------------------------------------"
[1] "Column: earlybf"
[1] "Class: factor"
[1] "Summary:"
    1     0  NA's 
12699 37469 21496 
[1] "--------------------------------------"
[1] "Column: hfoodsec"
[1] "Class: factor"
[1] "Summary:"
         Food Secure Mildly Food Insecure        Food Insecure                 NA's 
               13042                 8176                 5495                44951 
[1] "--------------------------------------"
[1] "Column: measurefreq"
[1] "Class: factor"
[1] "Summary:"
  monthly quarterly    yearly      NA's 
     8500     48761     14212       191 
[1] "--------------------------------------"
[1] "Column: enstunt"
[1] "Class: factor"
[1] "Summary:"
    0     1  NA's 
53959 17514   191 
[1] "--------------------------------------"
[1] "Column: hhwealth_quart"
[1] "Class: factor"
[1] "Summary:"
Wealth Q4 Wealth Q1 Wealth Q2 Wealth Q3      NA's 
    10549     10127      9927     10200     30861 
[1] "--------------------------------------"
[1] "Column: id"
[1] "Class: numeric"
[1] "Summary:"
   Min. 1st Qu.  Median    Mean 3rd Qu.    Max.    NA's 
      1   10020   20431   22857   35171   42814     191 
[1] "--------------------------------------"
[1] "Column: W_gagebrth"
[1] "Class: integer"
[1] "Summary:"
   Min. 1st Qu.  Median    Mean 3rd Qu.    Max.    NA's 
  170.0   263.0   274.0   271.8   284.0   315.0   40139 
[1] "--------------------------------------"
[1] "Column: W_birthwt"
[1] "Class: numeric"
[1] "Summary:"
   Min. 1st Qu.  Median    Mean 3rd Qu.    Max.    NA's 
    820    2445    2765    2785    3100    7000   20700 
[1] "--------------------------------------"
[1] "Column: W_birthlen"
[1] "Class: numeric"
[1] "Summary:"
   Min. 1st Qu.  Median    Mean 3rd Qu.    Max.    NA's 
  21.80   46.00   47.60   47.58   49.10   68.00   25178 
[1] "--------------------------------------"
[1] "Column: W_mage"
[1] "Class: numeric"
[1] "Summary:"
   Min. 1st Qu.  Median    Mean 3rd Qu.    Max.    NA's 
   9.00   19.00   23.00   23.91   27.00   61.00    7227 
[1] "--------------------------------------"
[1] "Column: W_mhtcm"
[1] "Class: numeric"
[1] "Summary:"
   Min. 1st Qu.  Median    Mean 3rd Qu.    Max.    NA's 
   41.0   148.7   153.4   154.0   158.9   199.0   17205 
[1] "--------------------------------------"
[1] "Column: W_mwtkg"
[1] "Class: numeric"
[1] "Summary:"
   Min. 1st Qu.  Median    Mean 3rd Qu.    Max.    NA's 
   26.6    42.3    48.2    50.2    56.0   168.0   18676 
[1] "--------------------------------------"
[1] "Column: W_mbmi"
[1] "Class: numeric"
[1] "Summary:"
   Min. 1st Qu.  Median    Mean 3rd Qu.    Max.    NA's 
  11.56   18.58   20.49   21.07   22.84  892.33   20275 
[1] "--------------------------------------"
[1] "Column: W_fage"
[1] "Class: integer"
[1] "Summary:"
   Min. 1st Qu.  Median    Mean 3rd Qu.    Max.    NA's 
  15.00   25.00   30.00   30.74   35.00   76.00   66254 
[1] "--------------------------------------"
[1] "Column: W_fhtcm"
[1] "Class: numeric"
[1] "Summary:"
   Min. 1st Qu.  Median    Mean 3rd Qu.    Max.    NA's 
  147.5   163.5   167.0   167.8   172.0   194.0   68416 
[1] "--------------------------------------"
[1] "Column: W_meducyrs"
[1] "Class: integer"
[1] "Summary:"
   Min. 1st Qu.  Median    Mean 3rd Qu.    Max.    NA's 
  0.000   0.000   7.000   5.864   9.000  24.000    5059 
[1] "--------------------------------------"
[1] "Column: W_feducyrs"
[1] "Class: integer"
[1] "Summary:"
   Min. 1st Qu.  Median    Mean 3rd Qu.    Max.    NA's 
  0.000   0.000   8.000   6.716  11.000  27.000   12884 
[1] "--------------------------------------"
[1] "Column: W_nrooms"
[1] "Class: integer"
[1] "Summary:"
   Min. 1st Qu.  Median    Mean 3rd Qu.    Max.    NA's 
  1.000   1.000   1.000   1.739   2.000  77.000   30300 
[1] "--------------------------------------"
[1] "Column: W_nhh"
[1] "Class: integer"
[1] "Summary:"
   Min. 1st Qu.  Median    Mean 3rd Qu.    Max.    NA's 
   1.00    4.00    5.00    5.28    6.00   18.00   70266 
[1] "--------------------------------------"
[1] "Column: W_nchldlt5"
[1] "Class: numeric"
[1] "Summary:"
   Min. 1st Qu.  Median    Mean 3rd Qu.    Max.    NA's 
    1.0     1.0     1.0     1.4     2.0    11.0   39245 
[1] "--------------------------------------"
[1] "Column: W_parity"
[1] "Class: numeric"
[1] "Summary:"
   Min. 1st Qu.  Median    Mean 3rd Qu.    Max.    NA's 
  1.000   1.000   2.000   2.403   3.000  19.000   15595 
[1] "--------------------------------------"
[1] "Column: impsan"
[1] "Class: factor"
[1] "Summary:"
    1     0  NA's 
26801 17694 27169 
[1] "--------------------------------------"
[1] "Column: safeh20"
[1] "Class: factor"
[1] "Summary:"
    1     0  NA's 
39435  4302 27927 
[1] "--------------------------------------"
[1] "Column: perdiar6"
[1] "Class: factor"
[1] "Summary:"
      0% (0%, 5%]      >5%     NA's 
    1150      778      536    69200 
[1] "--------------------------------------"
[1] "Column: perdiar24"
[1] "Class: factor"
[1] "Summary:"
      0% (0%, 5%]      >5%     NA's 
     835     6047     1443    63339 
[1] "--------------------------------------"
[1] "Column: W_perdiar6"
[1] "Class: numeric"
[1] "Summary:"
   Min. 1st Qu.  Median    Mean 3rd Qu.    Max.    NA's 
   0.00    0.00    0.01    0.03    0.04    0.43   69200 
[1] "--------------------------------------"
[1] "Column: W_perdiar24"
[1] "Class: numeric"
[1] "Summary:"
   Min. 1st Qu.  Median    Mean 3rd Qu.    Max.    NA's 
   0.00    0.00    0.02    0.03    0.04    1.00   63339 
[1] "--------------------------------------"
[1] "Column: predfeed3"
[1] "Class: factor"
[1] "Summary:"
    1     0  NA's 
15108  2095 54461 
[1] "--------------------------------------"
[1] "Column: exclfeed3"
[1] "Class: factor"
[1] "Summary:"
    1     0  NA's 
17563  2811 51290 
[1] "--------------------------------------"
[1] "Column: predfeed6"
[1] "Class: factor"
[1] "Summary:"
    1     0  NA's 
18061  6096 47507 
[1] "--------------------------------------"
[1] "Column: exclfeed6"
[1] "Class: factor"
[1] "Summary:"
    1     0  NA's 
19333  8212 44119 
[1] "--------------------------------------"
[1] "Column: predfeed36"
[1] "Class: factor"
[1] "Summary:"
    1     0  NA's 
15255  5435 50974 
[1] "--------------------------------------"
[1] "Column: exclfeed36"
[1] "Class: factor"
[1] "Summary:"
    1     0  NA's 
15875  7438 48351 
[1] "--------------------------------------"
[1] "Column: predexfd6"
[1] "Class: factor"
[1] "Summary:"
    1     0  NA's 
19520  8025 44119 
[1] "--------------------------------------"
[1] "Column: dead"
[1] "Class: numeric"
[1] "Summary:"
   Min. 1st Qu.  Median    Mean 3rd Qu.    Max. 
0.00000 0.00000 0.00000 0.03504 0.00000 1.00000 
[1] "--------------------------------------"
[1] "Column: agedth"
[1] "Class: numeric"
[1] "Summary:"
   Min. 1st Qu.  Median    Mean 3rd Qu.    Max.    NA's 
   -8.0    40.0   126.0   243.5   332.8  6668.0   69258 
[1] "--------------------------------------"
[1] "Column: causedth"
[1] "Class: character"
[1] "Summary:"
   Length     Class      Mode 
    71664 character character 
[1] "--------------------------------------"
[1] "Column: dead624"
[1] "Class: numeric"
[1] "Summary:"
   Min. 1st Qu.  Median    Mean 3rd Qu.    Max.    NA's 
  0.000   0.000   0.000   0.017   0.000   1.000   10154 
[1] "--------------------------------------"
[1] "Column: dead0plus"
[1] "Class: numeric"
[1] "Summary:"
   Min. 1st Qu.  Median    Mean 3rd Qu.    Max. 
0.00000 0.00000 0.00000 0.03645 0.00000 1.00000 
[1] "--------------------------------------"
[1] "Column: dead6plus"
[1] "Class: numeric"
[1] "Summary:"
   Min. 1st Qu.  Median    Mean 3rd Qu.    Max.    NA's 
  0.000   0.000   0.000   0.018   0.000   1.000   10154 
[1] "--------------------------------------"
[1] "Column: tot_dead"
[1] "Class: numeric"
[1] "Summary:"
   Min. 1st Qu.  Median    Mean 3rd Qu.    Max. 
    1.0    49.0   880.0   576.2   880.0  1113.0 
[1] "--------------------------------------"
