[1] "File Name: stuntwast_mort.rds"
[1] "Dimensions:"
[1] 64241    92
[1] "--------------------------------------"
[1] "Class of Data: data.frame"
[1] "--------------------------------------"
[1] "Column: studyid"
[1] "Class: character"
[1] "Summary:"
   Length     Class      Mode 
    64241 character character 
[1] "--------------------------------------"
[1] "Column: subjid"
[1] "Class: character"
[1] "Summary:"
   Length     Class      Mode 
    64241 character character 
[1] "--------------------------------------"
[1] "Column: country"
[1] "Class: character"
[1] "Summary:"
   Length     Class      Mode 
    64241 character character 
[1] "--------------------------------------"
[1] "Column: ever_wasted06"
[1] "Class: factor"
[1] "Summary:"
    0     1  NA's 
51034 11765  1442 
[1] "--------------------------------------"
[1] "Column: ever_swasted06"
[1] "Class: factor"
[1] "Summary:"
    0     1  NA's 
59560  3239  1442 
[1] "--------------------------------------"
[1] "Column: pers_wasted06"
[1] "Class: factor"
[1] "Summary:"
    0     1  NA's 
58234  4565  1442 
[1] "--------------------------------------"
[1] "Column: ever_stunted06"
[1] "Class: factor"
[1] "Summary:"
    0     1  NA's 
39890 23467   884 
[1] "--------------------------------------"
[1] "Column: ever_sstunted06"
[1] "Class: factor"
[1] "Summary:"
    0     1  NA's 
55336  8021   884 
[1] "--------------------------------------"
[1] "Column: ever_underweight06"
[1] "Class: factor"
[1] "Summary:"
    0     1  NA's 
41400 22814    27 
[1] "--------------------------------------"
[1] "Column: ever_sunderweight06"
[1] "Class: factor"
[1] "Summary:"
    0     1  NA's 
55884  8330    27 
[1] "--------------------------------------"
[1] "Column: ever_co06"
[1] "Class: factor"
[1] "Summary:"
    0     1  NA's 
60411  2334  1496 
[1] "--------------------------------------"
[1] "Column: sex"
[1] "Class: factor"
[1] "Summary:"
Female   Male   NA's 
 31350  32599    292 
[1] "--------------------------------------"
[1] "Column: month"
[1] "Class: factor"
[1] "Summary:"
   1    2    3    4    5    6    7    8    9   10   11   12 NA's 
5223 4659 5231 4740 4189 4211 4875 5195 5714 5394 5405 5754 3651 
[1] "--------------------------------------"
[1] "Column: wtkg"
[1] "Class: factor"
[1] "Summary:"
      3     2.8     2.9     3.1     2.7     3.2     2.6     2.5     3.3     3.4     2.4     3.5     2.3     3.6    2.75 
   1129    1000     893     870     851     819     794     774     666     627     562     556     442     439     421 
    3.7    2.74    2.76    2.95    2.56    2.65    2.55    2.62    2.68    2.85    2.64    2.84     2.2    2.73    2.78 
    399     395     373     369     368     367     365     365     364     364     362     361     356     348     348 
   2.72    2.66    2.58    2.45    2.67    2.48    2.82    2.63    2.87     3.9    2.71    2.52    2.59    2.69     3.8 
    345     340     338     337     337     336     336     333     333     332     331     330     330     328     328 
   2.88    2.53    2.61    2.44       4    3.02    2.47    2.77    2.43    2.86    2.57    2.42    2.51    2.54    2.92 
    320     315     314     312     312     311     310     310     309     309     308     307     306     306     303 
   2.98    2.37    2.79    2.41    3.04    2.49    2.46    2.39    2.81    3.05    2.38    2.83    2.89    2.96    3.06 
    301     300     300     297     297     294     291     288     288     288     287     287     283     283     283 
   2.34    3.12    2.91    2.35    2.99    2.36    2.94    2.97     4.1    2.26    2.24     2.1    3.01    2.93     4.2 
    281     277     272     270     266     264     264     264     263     260     254     251     251     249     249 
   2.28    2.32    3.08    3.15    3.14    2.31    3.03    3.25 (Other)    NA's 
    246     246     246     244     238     226     224     221   27668     367 
[1] "--------------------------------------"
[1] "Column: htcm"
[1] "Class: factor"
[1] "Summary:"
     46    48.5    47.5    46.5    45.5      48      45      47      49    49.5    44.5    48.4    48.6      44    47.1 
    115      80      72      71      60      54      49      47      45      44      39      34      29      28      27 
   48.1    48.3    46.3      50    50.5    47.3    46.4    49.1    43.5      51    47.6    48.8    48.9    49.4    46.8 
     26      26      24      24      24      22      20      19      18      18      17      17      17      17      16 
   47.4      43    49.3    47.2    46.1    46.6    47.8    51.5    48.2    46.9    47.9    49.6      42    46.2    49.9 
     16      14      14      13      12      12      12      12      11      10      10      10       9       9       9 
   50.3    50.6    41.5    42.5    49.2    50.1    50.2    52.5    50.4    52.2      41    48.7    49.8    51.1      40 
      9       9       8       8       8       8       8       8       7       7       6       6       6       6       5 
   45.3    45.6    46.7    49.7    50.7    50.8    51.4      52    52.3    53.5    40.5    45.1    50.9    51.3      53 
      5       5       5       5       5       5       5       5       5       5       4       4       4       4       4 
   45.4    47.7    51.7    52.1    43.4    44.1    44.3    45.2    51.6    51.8    51.9    52.4    52.6    52.8    52.9 
      3       3       3       3       2       2       2       2       2       2       2       2       2       2       2 
   58.9    59.5    64.6      80    82.3    89.3      36    37.5 (Other)    NA's 
      2       2       2       2       2       2       1       1      48   62694 
[1] "--------------------------------------"
[1] "Column: lencm"
[1] "Class: factor"
[1] "Summary:"
     49      50      48      47      51      46    47.5      52    48.5    49.5    46.5    47.2      45    48.2    47.1 
   2359    2175    2148    1737    1432    1164    1000     944     936     921     890     874     860     837     814 
   48.1    47.3    46.1    46.2    47.6    49.1    48.3    49.2    46.6    48.6    47.8    46.3    47.4    46.4      53 
    798     725     720     711     661     651     611     609     604     601     588     582     574     573     572 
     54    45.5    46.7    48.4    46.8    45.6    47.7    48.7    45.1    50.1    50.5      55    49.6    45.3    48.8 
    563     562     547     543     529     522     520     515     505     500     474     468     455     447     440 
   45.2    44.5    49.4      56    45.4    49.3    49.8    45.7      44    46.9    47.9    51.5    50.2    45.8    49.7 
    439     423     421     421     418     412     405     400     398     384     384     382     377     355     350 
   48.9    49.9    45.9    44.6    44.1      57    50.4    44.2    50.3    51.2    44.8    44.9    51.1    52.5    44.3 
    349     328     311     281     275     274     271     266     265     265     253     250     250     245     239 
   52.1      58    50.6    44.4    44.7    54.5      43    51.4    53.5    51.3    50.7    50.8    43.5    52.2    52.3 
    235     229     228     218     214     211     207     206     202     197     190     181     180     179     178 
   53.2    51.6    43.2    43.3    55.5      42    53.4    53.1 (Other)    NA's 
    172     171     170     170     167     161     156     155   11672    1840 
[1] "--------------------------------------"
[1] "Column: hcircm"
[1] "Class: factor"
[1] "Summary:"
     34      33      35    33.5    34.5      32    32.5      36    33.4    33.2    34.2    33.1    34.1    33.6    34.4 
   2522    2079    1905    1586    1494    1398    1267    1248    1240    1162    1123    1110    1026    1018     903 
   32.4    33.3    32.6    35.5    34.3    32.2    33.7    32.1    34.6      37    32.3    33.8      38    35.2    32.8 
    902     889     875     868     853     845     845     835     830     789     786     781     778     754     747 
   31.5    35.1    32.7      31    35.4    34.8    35.6      39    32.9    36.5    34.7    31.6    31.4    33.9    35.3 
    744     698     694     675     665     640     619     604     580     580     574     541     539     539     467 
   31.2    31.7    31.1    31.8    36.1    36.2    31.9    35.7    35.8    37.5    36.4      40    34.9    31.3    30.5 
    464     452     448     447     447     443     431     421     415     386     381     369     347     338     310 
   36.3    36.6    38.5    35.9    37.1      30    37.2    36.7    36.8    30.1    37.4    30.4    30.6    39.5    30.7 
    307     285     274     269     250     245     240     239     235     228     227     222     208     204     196 
   30.9    30.8      41    37.3    40.5    36.9    37.6    30.2    37.8    30.3    41.5    40.1    38.4    38.2    29.5 
    188     186     186     180     177     172     169     168     152     147     137     136     132     126     121 
   38.1    29.8      42    37.7    29.6    41.6    42.5    38.3 (Other)    NA's 
    121     109     107     102     100      97      97      95    4060    4631 
[1] "--------------------------------------"
[1] "Column: muaccm"
[1] "Class: factor"
[1] "Summary:"
    9.5      10     9.2     9.1     9.6     9.3     9.4    10.1       9     9.8     9.7    10.2     9.9    10.4    10.5 
   1621    1465    1439    1404    1383    1362    1361    1334    1267    1214    1211    1156    1085     972     946 
   10.3     8.9     8.7      12    10.6     8.8      11     8.6     8.5      13    10.7     8.4    10.8    11.2     8.3 
    939     921     825     814     813     780     761     749     727     660     564     550     513     455     451 
   11.5     8.2    11.1     8.1    10.9    11.3    12.5    11.4      14       8    11.6    13.5    12.1    12.4     7.8 
    432     404     373     372     356     348     341     340     316     309     301     295     240     232     230 
   11.7    12.2    12.6    12.3    13.1    11.8    12.7    14.5    13.6    13.2     7.9    13.4    12.8    11.9     7.7 
    217     217     216     203     197     195     186     172     169     154     151     150     145     142     133 
   14.1    13.3    14.2    12.9    13.7      15     7.5    14.6     7.6    13.8    14.3     7.4    14.4    15.1    15.5 
    129     123     121     119     117     114     108     104     102     100      89      81      75      72      68 
   13.9     7.3    14.9       7    15.2     7.2    15.6     7.1    14.7    15.3    14.8      16    16.1    15.7    15.4 
     65      61      61      60      58      57      55      53      52      52      40      34      34      27      25 
   15.8    15.9     6.7     6.8    16.2    16.5     6.5     6.6 (Other)    NA's 
     24      24      23      20      20      18      17      17     145   24399 
[1] "--------------------------------------"
[1] "Column: muaz"
[1] "Class: factor"
[1] "Summary:"
  -0.22   -0.18   -0.25   -0.21    0.28   -0.66   -0.71   -0.37    0.31   -0.59   -0.27    0.24   -0.69   -0.47   -0.15 
     33      30      29      26      25      23      21      21      21      20      20      20      19      19      19 
   0.18    0.34    0.72   -1.11    -0.9    -0.3    0.32   -1.05   -0.14   -0.11   -0.09    0.69   -0.67   -0.23    0.14 
     19      19      19      18      18      18      18      17      17      17      17      17      16      16      16 
   0.39    0.46    0.73   -0.81   -0.61    -0.6   -0.51    0.03    0.27    0.37    0.38    1.09   -1.49   -1.18    -1.1 
     16      16      16      15      15      15      15      15      15      15      15      15      14      14      14 
  -0.43   -0.31   -0.03     0.3    0.47    0.64    0.65     0.7    1.08    1.12   -1.37   -0.95    -0.8    -0.7   -0.68 
     14      14      14      14      14      14      14      14      14      14      13      13      13      13      13 
  -0.62   -0.58   -0.56   -0.24   -0.19   -0.12   -0.01    0.22    0.23    0.33    0.87    1.25   -1.66    -1.2   -1.07 
     13      13      13      13      13      13      13      13      13      13      13      13      12      12      12 
  -1.06   -1.02   -1.01   -0.94   -0.78   -0.77   -0.76   -0.75   -0.72   -0.65   -0.57   -0.41   -0.26   -0.17   -0.13 
     12      12      12      12      12      12      12      12      12      12      12      12      12      12      12 
   0.09     0.1    0.25    0.52    0.53    0.67    0.98    -1.7 (Other)    NA's 
     12      12      12      12      12      12      12      11    2313   60423 
[1] "--------------------------------------"
[1] "Column: siteid"
[1] "Class: factor"
[1] "Summary:"
      1       3       2       6       7       8      12       5       4       0     120      19      16      27      15 
  51870    2256    1968    1719    1549    1451     976     869     319     120      36      35      30      30      27 
     22     123      18      24      28      29      30     102     121      60      25     130      21      32      42 
     26      26      25      25      21      21      21      20      20      17      16      16      15      15      15 
      9      44      10      14      20      23      31      35      37      45      51      57      59      13      50 
     14      14      12      12      12      12      12      12      12      12      12      12      12      11      11 
    105      47      54      55      99      17      38      48      56     103     110      41      46      49      58 
     11      10      10      10      10       9       9       9       9       9       9       8       8       8       8 
     33      43     133      34      36      40      11      26      53      39      52     112     122     131     132 
      7       7       7       6       6       6       5       5       5       4       3       3       3       3       2 
    101     104     111     113     501     502     503     504     505     506     507     508     509     510     511 
      1       1       1       1       0       0       0       0       0       0       0       0       0       0       0 
    512     513     514     515     516     517     518     519 (Other)    NA's 
      0       0       0       0       0       0       0       0       0     292 
[1] "--------------------------------------"
[1] "Column: ctrycd"
[1] "Class: factor"
[1] "Summary:"
  BFA   BGD   BLR   BRA   GMB   GTM   IND   MWI   NPL   PAK   PER   PHL   TZA   ZAF   ZWE  NA's 
  338 33513     0     0  2634     0  6006  3018   698   380   303     0  2658   314 14087   292 
[1] "--------------------------------------"
[1] "Column: region"
[1] "Class: factor"
[1] "Summary:"
       Africa     East Asia        Europe Latin America    South Asia          NA's 
        23049             0             0           303         40597           292 
[1] "--------------------------------------"
[1] "Column: citytown"
[1] "Class: factor"
[1] "Summary:"
                                                        AMANA                      AMTULBAI1 
                          1046                              1                            823 
                      BAKTAPUR                      CEBU CITY                          DHAKA 
                             0                              0                            700 
                     FARIDABAD                      FORTALEZA                      GAIBANDHA 
                          1533                              0                          32548 
                GUATEMALA CITY                         HARARE                        IQUITOS 
                             0                          14087                            303 
                        JALASI                        KARACHI                         KENEBA 
                             1                              0                           2634 
                      KIZUIANI                          KOCHE                           LIMA 
                             1                              4                              0 
                      LUNGWENA                       MAGOMENI                        MALINDI 
                           450                            953                            255 
                      MANGOCHI                        MATIARI                          MBULU 
                          2020                            380                            262 
                        MIRPUR                       MIRZAPUR                      MUHIMBILI 
                           265                              0                              1 
                       NAMWERA                      NEW DELHI NUEVA GUATEMALA DE LA ASUNCIÓN 
                           288                           3804                              0 
                   OUAGADOUGOU                        RAMBUDA                     RANGI TATU 
                             0                            314                              1 
                    ROUNDTABLE                          SINZA                    SOUTH DELHI 
                             2                            597                            418 
                    TABATA 'A'                        TANDALE                         TEMEKE 
                             2                              1                              4 
                       VELLORE                           NA's 
                           251                            292 
[1] "--------------------------------------"
[1] "Column: latitude"
[1] "Class: factor"
[1] "Summary:"
 -22.8 -14.49 -14.37 -14.35 -14.32 -14.27 -14.21 -12.04   -6.8  -3.75  -3.51   -3.2  10.31  11.14  12.33  12.92  13.33 
   314   2020    255    288      4    450      1      0   2396    303    262      0      0    338      0    251   2634 
 14.63  14.82  17.86     23  23.81   24.1  24.94  25.25   25.6  26.84  27.67   28.4  28.48  28.52   28.7   53.9  78.93 
     0      0  14087      0    965      0      0  32548    380    698      0   1533    418   3804      0      0      0 
  NA's 
   292 
[1] "--------------------------------------"
[1] "Column: longitud"
[1] "Class: factor"
[1] "Summary:"
-90.49 -90.46 -77.03 -73.25 -38.54 -16.01  -4.93  -1.67  12.85  27.57   30.4  31.03  35.13  35.25  35.26  35.28  35.32 
     0      0      0    303      0   2634    338      0      0      0    314  14087      4   2470      1    255    262 
 35.48   39.1  67.09  68.45   77.1  77.18  77.23  77.31  79.13  85.43  86.01   89.5     90  90.09  90.33  90.37  90.41 
   288   2396      0    380      0    418   3804   1533    251      0    698  32548      0      0      0    265    700 
123.53   NA's 
     0    292 
[1] "--------------------------------------"
[1] "Column: clustid"
[1] "Class: factor"
[1] "Summary:"
      2       6       1       7       5       4       8       3     492     449     536     530     557     531     503 
    284     276     269     258     229     224     206     186     112      99      97      96      96      95      93 
    270     397     577     339     534     340      84     568     576     546     559     389     496     497     528 
     91      91      91      90      90      89      88      88      88      87      87      86      86      86      86 
    117     574     593      48      98     271     376     580      99     178     335     431     447     550     558 
     84      84      84      83      83      83      83      83      82      82      82      82      82      82      82 
    150     444     482     500     552     588     461     544     592     143     317     445     454     502     504 
     81      81      81      81      81      81      80      80      80      79      79      79      79      79      79 
    507     548     551     259     293     400     549     240     410     423     535     578     587     595     137 
     79      79      79      78      78      78      78      77      77      77      77      77      77      77      76 
    177     393     455     553     131     338     433      91     146     147     188     324     446     451     506 
     76      76      76      76      75      75      75      74      74      74      74      74      74      74      74 
    561     105     273     359     501     563     575     159 (Other)    NA's 
     74      73      73      73      73      73      73      72   24827   30160 
[1] "--------------------------------------"
[1] "Column: arm"
[1] "Class: factor"
[1] "Summary:"
                                            50,000 IU nippled + 400,000 IU Oval        50,000 IU nippled + Placebo Oval 
                                   5617                                    3524                                    3522 
                              a.LNS-Zn0                               b.LNS-Zn5                                     BSC 
                                      0                                       0                                       0 
                             c.LNS-Zn10                                     CFC                                Chickpea 
                                      0                                    1385                                     816 
                                Control                       Control (no Zinc)                           Control group 
                                   3291                                      42                                       0 
                           d.LNS-TabZn5                               e.Control                      Experimental group 
                                      0                                       0                                       0 
                   Food supplementation  Intermittent Zinc: 10 mg/d for 10 days                            Intervention 
                                    104                                     100                                     551 
    Iron and folic acid supplementation                         Iron Folic Acid                            Likuni Phala 
                                    399                                   13498                                       0 
   Lipid-based nutrient supplementation                                LNS-10gM                                LNS-20gM 
                                    399                                     290                                     304 
                             LNS-20gNoM                                LNS-40gM                              LNS-40gNoM 
                                    305                                     301                                     309 
                                Milk FS                               MNT + BSC                               MNT + WPC 
                                      0                                       0                                       0 
 Multiple micronutrient supplementation                 Multiple Micronutrients                      Multivitamin Alone 
                                    404                                   13770                                     596 
                        No intervention               No Rotarix + No IPV (175)       No Rotarix + With IPV Boost (175) 
                                    106                                     175                                     175 
                Nutritional counselling       Placebo nippled + 400,000 IU Oval          Placebo nippled + Placebo Oval 
                                    104                                    3524                                    3517 
                             Plumpy Doz               Preventive Zinc: 7 mg/day                             Rice Lentil 
                                   1443                                     104                                     810 
                 Rotarix + No IPV (175)          Rotarix + With IPV Boost (175)                                  Soy FS 
                                    175                                     175                                       0 
                      Standard(Control) Therapeutic Zinc: 20 mg/day for 10 days                              Visitation 
                                      0                                      92                                     104 
                              Vitamin A                                     WPC                                   WSB++ 
                                   1894                                       0                                     826 
                    Zinc + Multivitamin                              Zinc Alone                                    NA's 
                                    602                                     596                                     292 
[1] "--------------------------------------"
[1] "Column: tr"
[1] "Class: factor"
[1] "Summary:"
 Control      LNS Maternal    Other     VitA     Zinc     NA's 
   22413     2952    14573     4946    12464     1494     5399 
[1] "--------------------------------------"
[1] "Column: gagebrth"
[1] "Class: factor"
[1] "Summary:"
Full or late term           Preterm        Early term              NA's 
            16447              7809              8759             31226 
[1] "--------------------------------------"
[1] "Column: brthyr"
[1] "Class: factor"
[1] "Summary:"
1969 1983 1987 1988 1989 1990 1991 1992 1993 1994 1995 1996 1997 1998 1999 2000 2001 2002 2003 2004 2005 2006 2007 2008 
   0    0   60   98   98   85   72  121   84  289 3407  823  555 6873 7542 1044  133  130  132  139  104  134  273 6726 
2009 2010 2011 2012 2013 NA's 
9973 9650 7128 7267  263 1038 
[1] "--------------------------------------"
[1] "Column: brthmon"
[1] "Class: factor"
[1] "Summary:"
   1    2    3    4    5    6    7    8    9   10   11   12 NA's 
5354 5205 5954 4659 4130 4301 4913 5717 5875 5632 5636 5873  992 
[1] "--------------------------------------"
[1] "Column: parity"
[1] "Class: factor"
[1] "Summary:"
    1     2    3+  NA's 
18667 15380 16495 13699 
[1] "--------------------------------------"
[1] "Column: birthwt"
[1] "Class: factor"
[1] "Summary:"
Normal or high birthweight            Low birthweight                       NA's 
                     40291                      14996                       8954 
[1] "--------------------------------------"
[1] "Column: birthlen"
[1] "Class: factor"
[1] "Summary:"
   >=50 cm     <48 cm [48-50) cm       NA's 
     10698      25908      14150      13485 
[1] "--------------------------------------"
[1] "Column: vagbrth"
[1] "Class: factor"
[1] "Summary:"
    0     1  NA's 
 3511 46385 14345 
[1] "--------------------------------------"
[1] "Column: hdlvry"
[1] "Class: factor"
[1] "Summary:"
    0     1  NA's 
 5600  6034 52607 
[1] "--------------------------------------"
[1] "Column: mage"
[1] "Class: factor"
[1] "Summary:"
[20-30)     <20    >=30    NA's 
  33284   16514    8647    5796 
[1] "--------------------------------------"
[1] "Column: mhtcm"
[1] "Class: factor"
[1] "Summary:"
    >=155 cm      <151 cm [151-155) cm         NA's 
       18586        19352        10825        15478 
[1] "--------------------------------------"
[1] "Column: mwtkg"
[1] "Class: factor"
[1] "Summary:"
   >=58 kg     <52 kg [52-58) kg       NA's 
      8800       6495       5051      43895 
[1] "--------------------------------------"
[1] "Column: mbmi"
[1] "Class: factor"
[1] "Summary:"
Normal weight   Underweight          NA's 
        17468          1370         45403 
[1] "--------------------------------------"
[1] "Column: meducyrs"
[1] "Class: factor"
[1] "Summary:"
  High    Low Medium   NA's 
 20094  20576  17276   6295 
[1] "--------------------------------------"
[1] "Column: single"
[1] "Class: factor"
[1] "Summary:"
    0     1  NA's 
18613  2152 43476 
[1] "--------------------------------------"
[1] "Column: fage"
[1] "Class: factor"
[1] "Summary:"
   >=38     <32 [32-38)    NA's 
    930    3313    1065   58933 
[1] "--------------------------------------"
[1] "Column: fhtcm"
[1] "Class: factor"
[1] "Summary:"
    >=167 cm      <162 cm [162-167) cm         NA's 
        1704          524          928        61085 
[1] "--------------------------------------"
[1] "Column: feducyrs"
[1] "Class: factor"
[1] "Summary:"
  High    Low Medium   NA's 
 12277  20409  23583   7972 
[1] "--------------------------------------"
[1] "Column: trth2o"
[1] "Class: factor"
[1] "Summary:"
    1     0  NA's 
  201   751 63289 
[1] "--------------------------------------"
[1] "Column: cleanck"
[1] "Class: factor"
[1] "Summary:"
    1     0  NA's 
 4212  3003 57026 
[1] "--------------------------------------"
[1] "Column: impfloor"
[1] "Class: factor"
[1] "Summary:"
    1     0  NA's 
 4248 30875 29118 
[1] "--------------------------------------"
[1] "Column: nrooms"
[1] "Class: factor"
[1] "Summary:"
   4+     1     2     3  NA's 
 2779 22941 10871  4395 23255 
[1] "--------------------------------------"
[1] "Column: nhh"
[1] "Class: factor"
[1] "Summary:"
3 or less       4-5       6-7        8+      NA's 
      281       593       337       187     62843 
[1] "--------------------------------------"
[1] "Column: nchldlt5"
[1] "Class: factor"
[1] "Summary:"
    1    2+  NA's 
20450 11852 31939 
[1] "--------------------------------------"
[1] "Column: earlybf"
[1] "Class: factor"
[1] "Summary:"
    1     0  NA's 
12682 37305 14254 
[1] "--------------------------------------"
[1] "Column: hfoodsec"
[1] "Class: factor"
[1] "Summary:"
         Food Secure Mildly Food Insecure        Food Insecure                 NA's 
               12936                 8088                 5405                37812 
[1] "--------------------------------------"
[1] "Column: measurefreq"
[1] "Class: factor"
[1] "Summary:"
  monthly quarterly    yearly      NA's 
     8203     48586      7160       292 
[1] "--------------------------------------"
[1] "Column: enstunt"
[1] "Class: factor"
[1] "Summary:"
    0     1  NA's 
49637 14312   292 
[1] "--------------------------------------"
[1] "Column: hhwealth_quart"
[1] "Class: factor"
[1] "Summary:"
Wealth Q4 Wealth Q1 Wealth Q2 Wealth Q3      NA's 
     9531      9819      9701      9644     25546 
[1] "--------------------------------------"
[1] "Column: id"
[1] "Class: numeric"
[1] "Summary:"
   Min. 1st Qu.  Median    Mean 3rd Qu.    Max.    NA's 
      1    9895   20302   22548   35042   42786     292 
[1] "--------------------------------------"
[1] "Column: W_gagebrth"
[1] "Class: integer"
[1] "Summary:"
   Min. 1st Qu.  Median    Mean 3rd Qu.    Max.    NA's 
  170.0   261.0   273.0   270.8   283.0   315.0   31226 
[1] "--------------------------------------"
[1] "Column: W_birthwt"
[1] "Class: numeric"
[1] "Summary:"
   Min. 1st Qu.  Median    Mean 3rd Qu.    Max.    NA's 
    820    2460    2795    2841    3140    7617    8954 
[1] "--------------------------------------"
[1] "Column: W_birthlen"
[1] "Class: numeric"
[1] "Summary:"
   Min. 1st Qu.  Median    Mean 3rd Qu.    Max.    NA's 
  21.80   46.10   47.80   47.88   49.50   69.40   13485 
[1] "--------------------------------------"
[1] "Column: W_mage"
[1] "Class: numeric"
[1] "Summary:"
   Min. 1st Qu.  Median    Mean 3rd Qu.    Max.    NA's 
   9.00   19.00   22.00   23.36   27.00   61.00    5796 
[1] "--------------------------------------"
[1] "Column: W_mhtcm"
[1] "Class: numeric"
[1] "Summary:"
   Min. 1st Qu.  Median    Mean 3rd Qu.    Max.    NA's 
   41.0   148.2   152.6   153.3   157.9   199.0   15478 
[1] "--------------------------------------"
[1] "Column: W_mwtkg"
[1] "Class: numeric"
[1] "Summary:"
   Min. 1st Qu.  Median    Mean 3rd Qu.    Max.    NA's 
  30.00   50.00   56.00   57.68   63.30  168.00   43895 
[1] "--------------------------------------"
[1] "Column: W_mbmi"
[1] "Class: numeric"
[1] "Summary:"
   Min. 1st Qu.  Median    Mean 3rd Qu.    Max.    NA's 
  12.40   20.44   22.43   23.20   24.98  892.33   45403 
[1] "--------------------------------------"
[1] "Column: W_fage"
[1] "Class: integer"
[1] "Summary:"
   Min. 1st Qu.  Median    Mean 3rd Qu.    Max.    NA's 
  15.00   25.00   30.00   30.72   35.00   76.00   58933 
[1] "--------------------------------------"
[1] "Column: W_fhtcm"
[1] "Class: numeric"
[1] "Summary:"
   Min. 1st Qu.  Median    Mean 3rd Qu.    Max.    NA's 
  147.5   163.5   167.0   167.7   172.0   194.0   61085 
[1] "--------------------------------------"
[1] "Column: W_meducyrs"
[1] "Class: integer"
[1] "Summary:"
   Min. 1st Qu.  Median    Mean 3rd Qu.    Max.    NA's 
   0.00    1.00    7.00    5.96    9.00   24.00    6295 
[1] "--------------------------------------"
[1] "Column: W_feducyrs"
[1] "Class: integer"
[1] "Summary:"
   Min. 1st Qu.  Median    Mean 3rd Qu.    Max.    NA's 
  0.000   0.000   7.000   6.522  11.000  27.000    7972 
[1] "--------------------------------------"
[1] "Column: W_nrooms"
[1] "Class: integer"
[1] "Summary:"
   Min. 1st Qu.  Median    Mean 3rd Qu.    Max.    NA's 
  1.000   1.000   1.000   1.739   2.000  77.000   23255 
[1] "--------------------------------------"
[1] "Column: W_nhh"
[1] "Class: integer"
[1] "Summary:"
   Min. 1st Qu.  Median    Mean 3rd Qu.    Max.    NA's 
   1.00    4.00    5.00    5.28    6.00   18.00   62843 
[1] "--------------------------------------"
[1] "Column: W_nchldlt5"
[1] "Class: numeric"
[1] "Summary:"
   Min. 1st Qu.  Median    Mean 3rd Qu.    Max.    NA's 
    1.0     1.0     1.0     1.4     2.0    11.0   31939 
[1] "--------------------------------------"
[1] "Column: W_parity"
[1] "Class: numeric"
[1] "Summary:"
   Min. 1st Qu.  Median    Mean 3rd Qu.    Max.    NA's 
  1.000   1.000   2.000   2.293   3.000  19.000   13699 
[1] "--------------------------------------"
[1] "Column: impsan"
[1] "Class: factor"
[1] "Summary:"
    1     0  NA's 
26980 13955 23306 
[1] "--------------------------------------"
[1] "Column: safeh20"
[1] "Class: factor"
[1] "Summary:"
    1     0  NA's 
38930  1344 23967 
[1] "--------------------------------------"
[1] "Column: perdiar6"
[1] "Class: factor"
[1] "Summary:"
      0% (0%, 5%]      >5%     NA's 
     807      743      534    62157 
[1] "--------------------------------------"
[1] "Column: perdiar24"
[1] "Class: factor"
[1] "Summary:"
      0% (0%, 5%]      >5%     NA's 
    1725     4687     1370    56459 
[1] "--------------------------------------"
[1] "Column: W_perdiar6"
[1] "Class: numeric"
[1] "Summary:"
   Min. 1st Qu.  Median    Mean 3rd Qu.    Max.    NA's 
   0.00    0.00    0.02    0.04    0.05    0.43   62157 
[1] "--------------------------------------"
[1] "Column: W_perdiar24"
[1] "Class: numeric"
[1] "Summary:"
   Min. 1st Qu.  Median    Mean 3rd Qu.    Max.    NA's 
   0.00    0.00    0.02    0.03    0.04    1.00   56459 
[1] "--------------------------------------"
[1] "Column: predfeed3"
[1] "Class: factor"
[1] "Summary:"
    1     0  NA's 
24481  3391 36369 
[1] "--------------------------------------"
[1] "Column: exclfeed3"
[1] "Class: factor"
[1] "Summary:"
    1     0  NA's 
26920  4120 33201 
[1] "--------------------------------------"
[1] "Column: predfeed6"
[1] "Class: factor"
[1] "Summary:"
    1     0  NA's 
26294  8243 29704 
[1] "--------------------------------------"
[1] "Column: exclfeed6"
[1] "Class: factor"
[1] "Summary:"
    1     0  NA's 
27525 10397 26319 
[1] "--------------------------------------"
[1] "Column: predfeed36"
[1] "Class: factor"
[1] "Summary:"
    1     0  NA's 
20662  6516 37063 
[1] "--------------------------------------"
[1] "Column: exclfeed36"
[1] "Class: factor"
[1] "Summary:"
    1     0  NA's 
21221  8580 34440 
[1] "--------------------------------------"
[1] "Column: predexfd6"
[1] "Class: factor"
[1] "Summary:"
    1     0  NA's 
27762 10160 26319 
[1] "--------------------------------------"
[1] "Column: dead"
[1] "Class: numeric"
[1] "Summary:"
   Min. 1st Qu.  Median    Mean 3rd Qu.    Max. 
0.00000 0.00000 0.00000 0.03828 0.00000 1.00000 
[1] "--------------------------------------"
[1] "Column: agedth"
[1] "Class: numeric"
[1] "Summary:"
   Min. 1st Qu.  Median    Mean 3rd Qu.    Max.    NA's 
   -8.0    37.0   119.5   236.4   317.2  6668.0   61889 
[1] "--------------------------------------"
[1] "Column: causedth"
[1] "Class: character"
[1] "Summary:"
   Length     Class      Mode 
    64241 character character 
[1] "--------------------------------------"
[1] "Column: dead624"
[1] "Class: numeric"
[1] "Summary:"
   Min. 1st Qu.  Median    Mean 3rd Qu.    Max.    NA's 
  0.000   0.000   0.000   0.018   0.000   1.000   10160 
[1] "--------------------------------------"
[1] "Column: dead0plus"
[1] "Class: numeric"
[1] "Summary:"
   Min. 1st Qu.  Median    Mean 3rd Qu.    Max. 
0.00000 0.00000 0.00000 0.03969 0.00000 1.00000 
[1] "--------------------------------------"
[1] "Column: dead6plus"
[1] "Class: numeric"
[1] "Summary:"
   Min. 1st Qu.  Median    Mean 3rd Qu.    Max.    NA's 
   0.00    0.00    0.00    0.02    0.00    1.00   10160 
[1] "--------------------------------------"
[1] "Column: tot_dead"
[1] "Class: numeric"
[1] "Summary:"
   Min. 1st Qu.  Median    Mean 3rd Qu.    Max. 
    1.0    61.0   884.0   638.6   884.0  1113.0 
[1] "--------------------------------------"
