[1] "File Name: stuntwast_mortality.Rdata"
[1] "Dimensions:"
[1] 64232    93
[1] "--------------------------------------"
[1] "Class of Data: data.frame"
[1] "--------------------------------------"
[1] "Column: studyid"
[1] "Class: character"
[1] "Summary:"
   Length     Class      Mode 
    64232 character character 
[1] "--------------------------------------"
[1] "Column: subjid"
[1] "Class: character"
[1] "Summary:"
   Length     Class      Mode 
    64232 character character 
[1] "--------------------------------------"
[1] "Column: country"
[1] "Class: character"
[1] "Summary:"
   Length     Class      Mode 
    64232 character character 
[1] "--------------------------------------"
[1] "Column: ever_wasted06"
[1] "Class: factor"
[1] "Summary:"
    0     1  NA's 
51166 12052  1014 
[1] "--------------------------------------"
[1] "Column: ever_swasted06"
[1] "Class: factor"
[1] "Summary:"
    0     1  NA's 
59863  3355  1014 
[1] "--------------------------------------"
[1] "Column: pers_wasted06"
[1] "Class: factor"
[1] "Summary:"
    0     1  NA's 
58362  4856  1014 
[1] "--------------------------------------"
[1] "Column: ever_stunted06"
[1] "Class: factor"
[1] "Summary:"
    0     1  NA's 
39995 23769   468 
[1] "--------------------------------------"
[1] "Column: ever_sstunted06"
[1] "Class: factor"
[1] "Summary:"
    0     1  NA's 
55565  8199   468 
[1] "--------------------------------------"
[1] "Column: ever_underweight06"
[1] "Class: factor"
[1] "Summary:"
    0     1  NA's 
41513 22685    34 
[1] "--------------------------------------"
[1] "Column: ever_sunderweight06"
[1] "Class: factor"
[1] "Summary:"
    0     1  NA's 
55958  8240    34 
[1] "--------------------------------------"
[1] "Column: ever_co06"
[1] "Class: factor"
[1] "Summary:"
    0     1  NA's 
60611  2553  1068 
[1] "--------------------------------------"
[1] "Column: sex"
[1] "Class: factor"
[1] "Summary:"
Female   Male   NA's 
 31395  32648    189 
[1] "--------------------------------------"
[1] "Column: month"
[1] "Class: factor"
[1] "Summary:"
   1    2    3    4    5    6    7    8    9   10   11   12 NA's 
5450 5000 5503 5109 4534 4408 5042 5333 5796 5597 5624 5947  889 
[1] "--------------------------------------"
[1] "Column: wtkg"
[1] "Class: factor"
[1] "Summary:"
      3     2.8     2.9     3.1     2.7     3.2     2.6     2.5     3.3     3.4     3.5     2.4     3.6     3.7     2.3    2.75    2.74     3.8       4     3.9    2.76    2.95    2.56    2.55    2.65     2.2 
   1150    1020     908     894     862     859     802     777     708     682     607     570     490     462     450     420     395     384     384     374     372     367     366     365     365     364 
   2.62    2.85    2.68    2.64    2.84    2.73    2.78    2.72    2.66    2.58    2.67    2.45    2.48    2.82    2.87    2.63    2.52    2.69    2.71    2.59     4.1    2.88    2.53    2.44    2.61    2.47 
    364     364     362     358     357     348     345     342     338     337     337     335     335     335     333     331     329     329     329     327     321     319     314     311     311     309 
   2.77    3.02    2.42    2.43    2.57    2.86    2.51    2.54    2.92    2.37    2.98    2.79    2.41    3.04    2.49    2.46    2.38    2.39    2.81     4.2    2.83    3.05    3.06    2.89    2.96    2.34 
    309     309     307     307     307     307     305     305     305     300     300     298     296     296     294     288     287     287     287     286     285     285     284     282     281     277 
   3.12    2.91    2.35    2.99    2.36    2.97    2.94     2.1    2.26    2.24    3.01     4.3    2.32    2.93    3.15    2.28    3.08    3.14       2    2.31 (Other)    NA's 
    277     272     268     265     263     263     262     261     260     252     250     250     245     245     245     244     244     237     229     225   27119     265 
[1] "--------------------------------------"
[1] "Column: htcm"
[1] "Class: factor"
[1] "Summary:"
     46    48.5    47.5    46.5    45.5      48      45      47      49    49.5    44.5    48.4    48.6      44    47.1    48.1    48.3    46.3      50    50.5    47.3    46.4    49.1    43.5      51    47.6 
    115      80      72      71      60      54      49      47      45      44      39      34      29      28      27      26      26      24      24      24      22      20      19      18      18      17 
   48.8    48.9    49.4    46.8    47.4      43    49.3    47.2    46.1    46.6    47.8    51.5    48.2    46.9    47.9    49.6      42    46.2    49.9    50.3    50.6    41.5    42.5    49.2    50.1    50.2 
     17      17      17      16      16      14      14      13      12      12      12      12      11      10      10      10       9       9       9       9       9       8       8       8       8       8 
   52.5    50.4    52.2      41    48.7    49.8    51.1      40    45.3    45.6    46.7    49.7    50.7    50.8    51.4      52    52.3    53.5    40.5    45.1    50.9    51.3      53    45.4    47.7    51.7 
      8       7       7       6       6       6       6       5       5       5       5       5       5       5       5       5       5       5       4       4       4       4       4       3       3       3 
   52.1    43.4    44.1    44.3    45.2    51.6    51.8    51.9    52.4    52.6    52.8    52.9    58.9    59.5    64.6      80    82.3    89.3      36    37.5 (Other)    NA's 
      3       2       2       2       2       2       2       2       2       2       2       2       2       2       2       2       2       2       1       1      48   62685 
[1] "--------------------------------------"
[1] "Column: lencm"
[1] "Class: factor"
[1] "Summary:"
     49      50      48      47      51      46    47.5      52    48.5    49.5    46.5    47.2      45    48.2    47.1    48.1    47.3    46.1    46.2    47.6    49.1    48.3    49.2    46.6    48.6      54 
   2365    2186    2146    1739    1446    1163    1001     963     938     927     891     873     858     841     815     797     725     720     706     658     654     610     610     603     603     589 
   47.8      53    46.3    46.4    47.4    45.5    48.4    46.7    46.8    47.7    45.6    48.7    45.1    50.1    50.5      55    49.6    45.3    48.8    45.2      56    49.4    44.5    49.3    45.4    49.8 
    586     584     582     573     572     561     550     546     528     520     519     517     503     502     492     481     466     443     440     437     436     422     421     418     415     410 
     44    45.7    51.5    47.9    50.2    46.9    45.8    49.7    48.9    49.9    45.9    44.6    50.4      57    50.3    44.1    51.2    52.5    44.2    51.1    52.1    44.8    44.9    50.6    44.3    54.5 
    400     397     396     384     383     380     355     353     351     334     309     281     281     277     276     274     274     269     266     261     256     252     249     240     236     233 
     58    53.5    44.4    51.3    51.4    44.7      43    50.7    52.3    50.8    53.2    51.6    52.2    55.5    43.5    53.4    53.1    43.3    43.2      42 (Other)    NA's 
    232     219     218     215     214     213     206     201     195     193     193     187     187     184     179     179     175     170     168     161   11288    1737 
[1] "--------------------------------------"
[1] "Column: hcircm"
[1] "Class: factor"
[1] "Summary:"
     34      33      35    33.5    34.5      32      36    32.5    33.4    33.2    34.2    33.1    34.1    33.6    34.4    35.5    32.4    33.3    32.6    34.3    33.7    34.6    32.2    32.1      37      38 
   2530    2085    1933    1591    1512    1400    1284    1262    1239    1161    1138    1106    1031    1014     913     911     903     889     873     862     848     844     843     835     815     788 
   32.3    33.8    35.2    32.8    31.5    35.1    32.7    35.4      31    35.6    34.8    36.5      39    34.7    32.9    33.9    31.4    31.6    35.3    36.1    36.2    31.2    31.7    31.1    31.8    35.7 
    785     782     779     744     743     723     691     686     669     661     650     624     605     585     582     545     539     536     491     484     477     464     447     446     446     440 
   35.8    31.9    37.5    36.4      40    34.9    31.3    36.3    30.5    36.6    35.9    38.5    37.1    36.7    36.8    37.2      30    37.4    30.1    30.4    30.6    39.5    37.3    30.7    36.9    30.9 
    435     431     417     402     369     356     337     325     307     305     291     284     265     259     254     251     245     243     226     222     207     204     198     197     192     188 
   30.8    37.6      41    40.5    30.2    37.8    30.3    38.4    40.1    38.2    38.1    41.5    29.5    37.7    29.8    38.6    38.3    29.6      42    41.6 (Other)    NA's 
    186     177     176     169     167     163     146     138     132     129     126     126     121     112     107     105     103      99      97      94    3919    3996 
[1] "--------------------------------------"
[1] "Column: muaccm"
[1] "Class: factor"
[1] "Summary:"
    9.5      10     9.2     9.1     9.6     9.4     9.3    10.1       9     9.8     9.7    10.2     9.9    10.4    10.5    10.3     8.9     8.7      12    10.6     8.8      11     8.6     8.5      13    10.7 
   1614    1455    1431    1401    1378    1355    1354    1329    1258    1213    1204    1150    1085     972     942     941     920     823     818     815     778     761     748     724     659     568 
    8.4    10.8    11.2     8.3    11.5     8.2    11.1     8.1    10.9    11.3    11.4    12.5      14       8    11.6    13.5    12.1    12.4     7.8    11.7    12.6    12.2    12.3    11.8    13.1    12.7 
    547     511     464     450     440     404     375     370     364     354     348     347     316     308     305     296     245     239     228     222     217     216     206     197     196     189 
   14.5    13.6    13.2     7.9    13.4    11.9    12.8     7.7    14.1    13.3    14.2    12.9    13.7      15     7.5    14.6    13.8     7.6    14.3     7.4    14.4    15.1    15.5    13.9    14.9       7 
    172     171     154     150     150     147     146     132     130     122     120     119     117     114     108     104     102     101      88      81      75      72      69      65      61      60 
    7.3    15.2     7.2    15.6     7.1    14.7    15.3    14.8      16    16.1    15.7    15.4    15.8    15.9     6.7     6.8    16.2    16.5     6.5     6.6 (Other)    NA's 
     59      58      57      55      53      52      52      40      34      34      27      25      24      24      22      20      20      18      17      17     143   24401 
[1] "--------------------------------------"
[1] "Column: muaz"
[1] "Class: factor"
[1] "Summary:"
  -0.22   -0.18   -0.25   -0.21    0.28   -0.66   -1.11   -0.59   -0.37    0.24    0.31    -0.9   -0.71   -0.47   -0.27   -0.15    0.72   -0.69   -0.09    0.18    0.34    -0.6    -0.3   -0.14    0.32   -0.81 
     33      31      28      26      25      24      21      21      21      21      21      20      20      20      20      20      20      19      19      19      19      18      18      18      18      17 
  -0.11    0.39    0.46    0.69   -1.05   -0.67   -0.23    0.73   -1.18    -0.7   -0.51   -0.31   -0.24   -0.19   -0.12   -0.03    0.03    0.14    0.27     0.3    0.37    0.64    1.09   -0.78   -0.61   -0.58 
     17      17      17      17      16      16      16      16      15      15      15      15      15      15      15      15      15      15      15      15      15      15      15      14      14      14 
  -0.43   -0.42   -0.01    0.21    0.33    0.38    0.47    0.65     0.7    0.87    1.08    1.12   -1.49   -1.37    -1.2    -1.1   -1.08   -1.01   -0.95    -0.8   -0.76   -0.72   -0.68   -0.65   -0.62   -0.56 
     14      14      14      14      14      14      14      14      14      14      14      14      13      13      13      13      13      13      13      13      13      13      13      13      13      13 
  -0.13    0.22    0.23    0.25    0.53    1.25   -1.66   -1.07   -1.06   -0.99   -0.94   -0.89   -0.77   -0.75   -0.57   -0.53   -0.44   -0.32   -0.26   -0.17 (Other)    NA's 
     13      13      13      13      13      13      12      12      12      12      12      12      12      12      12      12      12      12      12      12    2405   60275 
[1] "--------------------------------------"
[1] "Column: siteid"
[1] "Class: factor"
[1] "Summary:"
      1       3       2       6       7       8      12       5       4       0     120      19      16      27      15      22     123      18      24      28      29      30     102     121      60      25 
  51964    2256    1968    1719    1549    1451     976     869     319     120      36      35      30      30      27      26      26      25      25      21      21      21      20      20      17      16 
    130      21      32      42       9      44      10      14      20      23      31      35      37      45      51      57      59      13      50     105      47      54      55      99      17      38 
     16      15      15      15      14      14      12      12      12      12      12      12      12      12      12      12      12      11      11      11      10      10      10      10       9       9 
     48      56     103     110      41      46      49      58      33      43     133      34      36      40      11      26      53      39      52     112     122     131     132     101     104     111 
      9       9       9       9       8       8       8       8       7       7       7       6       6       6       5       5       5       4       3       3       3       3       2       1       1       1 
    113     501     502     503     504     505     506     507     508     509     510     511     512     513     514     515     516     517     518     519 (Other)    NA's 
      1       0       0       0       0       0       0       0       0       0       0       0       0       0       0       0       0       0       0       0       0     189 
[1] "--------------------------------------"
[1] "Column: ctrycd"
[1] "Class: factor"
[1] "Summary:"
  BFA   BGD   BLR   BRA   GMB   GTM   IND   MWI   NPL   PAK   PER   PHL   TZA   ZAF   ZWE  NA's 
  338 33502     0     0  2634     0  6111  3018   698   380   303     0  2658   314 14087   189 
[1] "--------------------------------------"
[1] "Column: region"
[1] "Class: factor"
[1] "Summary:"
       Africa     East Asia        Europe Latin America    South Asia          NA's 
        23049             0             0           303         40691           189 
[1] "--------------------------------------"
[1] "Column: citytown"
[1] "Class: factor"
[1] "Summary:"
                                                        AMANA                      AMTULBAI1                       BAKTAPUR                      CEBU CITY                          DHAKA 
                          1046                              1                            823                              0                              0                            700 
                     FARIDABAD                      FORTALEZA                      GAIBANDHA                 GUATEMALA CITY                         HARARE                        IQUITOS 
                          1533                              0                          32537                              0                          14087                            303 
                        JALASI                        KARACHI                         KENEBA                       KIZUIANI                          KOCHE                           LIMA 
                             1                              0                           2634                              1                              4                              0 
                      LUNGWENA                       MAGOMENI                        MALINDI                       MANGOCHI                        MATIARI                          MBULU 
                           450                            953                            255                           2020                            380                            262 
                        MIRPUR                       MIRZAPUR                      MUHIMBILI                        NAMWERA                      NEW DELHI NUEVA GUATEMALA DE LA ASUNCIÓN 
                           265                              0                              1                            288                           3909                              0 
                   OUAGADOUGOU                        RAMBUDA                     RANGI TATU                     ROUNDTABLE                          SINZA                    SOUTH DELHI 
                             0                            314                              1                              2                            597                            418 
                    TABATA 'A'                        TANDALE                         TEMEKE                        VELLORE                           NA's 
                             2                              1                              4                            251                            189 
[1] "--------------------------------------"
[1] "Column: latitude"
[1] "Class: factor"
[1] "Summary:"
 -22.8 -14.49 -14.37 -14.35 -14.32 -14.27 -14.21 -12.04   -6.8  -3.75  -3.51   -3.2  10.31  11.14  12.33  12.92  13.33  14.63  14.82  17.86     23  23.81   24.1  24.94  25.25   25.6  26.84  27.67   28.4  28.48 
   314   2020    255    288      4    450      1      0   2396    303    262      0      0    338      0    251   2634      0      0  14087      0    965      0      0  32537    380    698      0   1533    418 
 28.52   28.7   53.9  78.93   NA's 
  3909      0      0      0    189 
[1] "--------------------------------------"
[1] "Column: longitud"
[1] "Class: factor"
[1] "Summary:"
-90.49 -90.46 -77.03 -73.25 -38.54 -16.01  -4.93  -1.67  12.85  27.57   30.4  31.03  35.13  35.25  35.26  35.28  35.32  35.48   39.1  67.09  68.45   77.1  77.18  77.23  77.31  79.13  85.43  86.01   89.5     90 
     0      0      0    303      0   2634    338      0      0      0    314  14087      4   2470      1    255    262    288   2396      0    380      0    418   3909   1533    251      0    698  32537      0 
 90.09  90.33  90.37  90.41 123.53   NA's 
     0      0    265    700      0    189 
[1] "--------------------------------------"
[1] "Column: clustid"
[1] "Class: factor"
[1] "Summary:"
      2       6       1       7       5       4       8       3     492     449     536     530     557     531     503     270     397     577     534     339     340      84     568     576     546     559 
    284     276     269     258     229     224     206     186     112      99      97      96      96      95      93      91      91      91      90      89      89      88      88      88      87      87 
    389     496     497     528     117     574     593      48      98     271     376     580      99     178     335     431     447     558     150     482     500     550     552     588     444     461 
     86      86      86      86      84      84      84      83      83      83      83      83      82      82      82      82      82      82      81      81      81      81      81      81      80      80 
    544     592     143     445     454     502     504     507     548     551     259     293     317     400     549     240     410     423     535     578     587     595     137     177     393     455 
     80      80      79      79      79      79      79      79      79      79      78      78      78      78      78      77      77      77      77      77      77      77      76      76      76      76 
    553     131     188     338     433      91     146     147     324     446     451     506     561     105     273     359     501     563     575     159 (Other)    NA's 
     76      75      75      75      75      74      74      74      74      74      74      74      74      73      73      73      73      73      73      72   24819   30162 
[1] "--------------------------------------"
[1] "Column: arm"
[1] "Class: factor"
[1] "Summary:"
                                            50,000 IU nippled + 400,000 IU Oval        50,000 IU nippled + Placebo Oval                               a.LNS-Zn0                               b.LNS-Zn5 
                                   5617                                    3524                                    3522                                       0                                       0 
                                    BSC                              c.LNS-Zn10                                     CFC                                Chickpea                                 Control 
                                      0                                       0                                    1385                                     816                                    3347 
                      Control (no Zinc)                           Control group                            d.LNS-TabZn5                               e.Control                      Experimental group 
                                     42                                       0                                       0                                       0                                       0 
                   Food supplementation  Intermittent Zinc: 10 mg/d for 10 days                            Intervention     Iron and folic acid supplementation                         Iron Folic Acid 
                                    104                                     100                                     551                                     399                                   13492 
                           Likuni Phala    Lipid-based nutrient supplementation                                LNS-10gM                                LNS-20gM                              LNS-20gNoM 
                                      0                                     399                                     290                                     304                                     305 
                               LNS-40gM                              LNS-40gNoM                                 Milk FS                               MNT + BSC                               MNT + WPC 
                                    301                                     309                                       0                                       0                                       0 
 Multiple micronutrient supplementation                 Multiple Micronutrients                      Multivitamin Alone                         No intervention               No Rotarix + No IPV (175) 
                                    404                                   13765                                     596                                     106                                     175 
      No Rotarix + With IPV Boost (175)                 Nutritional counselling       Placebo nippled + 400,000 IU Oval          Placebo nippled + Placebo Oval                              Plumpy Doz 
                                    175                                     104                                    3524                                    3517                                    1443 
              Preventive Zinc: 7 mg/day                             Rice Lentil                  Rotarix + No IPV (175)          Rotarix + With IPV Boost (175)                                  Soy FS 
                                    104                                     810                                     175                                     175                                       0 
                      Standard(Control) Therapeutic Zinc: 20 mg/day for 10 days                              Visitation                               Vitamin A                                     WPC 
                                      0                                      92                                     104                                    1943                                       0 
                                  WSB++                     Zinc + Multivitamin                              Zinc Alone                                    NA's 
                                    826                                     602                                     596                                     189 
[1] "--------------------------------------"
[1] "Column: tr"
[1] "Class: factor"
[1] "Summary:"
 Control      LNS Maternal    Other     VitA     Zinc     NA's 
   22463     2952    14568     4946    12513     1494     5296 
[1] "--------------------------------------"
[1] "Column: gagebrth"
[1] "Class: factor"
[1] "Summary:"
Full or late term           Preterm        Early term              NA's 
            16414              6423              8652             32743 
[1] "--------------------------------------"
[1] "Column: brthyr"
[1] "Class: factor"
[1] "Summary:"
1969 1983 1987 1988 1989 1990 1991 1992 1993 1994 1995 1996 1997 1998 1999 2000 2001 2002 2003 2004 2005 2006 2007 2008 2009 2010 2011 2012 2013 NA's 
   0    0   60   98   98   85   72  121   84  294 3483  847  555 6873 7542 1044  133  130  132  139  104  134  273 6722 9967 9649 7128 7267  263  935 
[1] "--------------------------------------"
[1] "Column: brthmon"
[1] "Class: factor"
[1] "Summary:"
   1    2    3    4    5    6    7    8    9   10   11   12 NA's 
5406 5251 6017 4707 4193 4400 5018 5797 5953 5712 5681 5908  189 
[1] "--------------------------------------"
[1] "Column: parity"
[1] "Class: factor"
[1] "Summary:"
    1     2    3+  NA's 
18665 15376 16490 13701 
[1] "--------------------------------------"
[1] "Column: birthwt"
[1] "Class: factor"
[1] "Summary:"
Normal or high birthweight            Low birthweight                       NA's 
                     36541                      14423                      13268 
[1] "--------------------------------------"
[1] "Column: birthlen"
[1] "Class: factor"
[1] "Summary:"
   >=50 cm     <48 cm [48-50) cm       NA's 
      8112      25041      13333      17746 
[1] "--------------------------------------"
[1] "Column: vagbrth"
[1] "Class: factor"
[1] "Summary:"
    0     1  NA's 
 3510 46375 14347 
[1] "--------------------------------------"
[1] "Column: hdlvry"
[1] "Class: factor"
[1] "Summary:"
    0     1  NA's 
 5600  6034 52598 
[1] "--------------------------------------"
[1] "Column: mage"
[1] "Class: factor"
[1] "Summary:"
[20-30)     <20    >=30    NA's 
  33356   16522    8661    5693 
[1] "--------------------------------------"
[1] "Column: mhtcm"
[1] "Class: factor"
[1] "Summary:"
    >=155 cm      <151 cm [151-155) cm         NA's 
       18586        19344        10824        15478 
[1] "--------------------------------------"
[1] "Column: mwtkg"
[1] "Class: factor"
[1] "Summary:"
   >=58 kg     <52 kg [52-58) kg       NA's 
      9475      31268       6830      16659 
[1] "--------------------------------------"
[1] "Column: mbmi"
[1] "Class: factor"
[1] "Summary:"
Normal weight   Underweight          NA's 
        34190         11784         18258 
[1] "--------------------------------------"
[1] "Column: meducyrs"
[1] "Class: factor"
[1] "Summary:"
  High    Low Medium   NA's 
 21875  20280  18909   3168 
[1] "--------------------------------------"
[1] "Column: single"
[1] "Class: factor"
[1] "Summary:"
    0     1  NA's 
23870  2160 38202 
[1] "--------------------------------------"
[1] "Column: fage"
[1] "Class: factor"
[1] "Summary:"
   >=38     <32 [32-38)    NA's 
    930    3313    1065   58924 
[1] "--------------------------------------"
[1] "Column: fhtcm"
[1] "Class: factor"
[1] "Summary:"
    >=167 cm      <162 cm [162-167) cm         NA's 
        1704          524          928        61076 
[1] "--------------------------------------"
[1] "Column: feducyrs"
[1] "Class: factor"
[1] "Summary:"
  High    Low Medium   NA's 
 13144  20026  25326   5736 
[1] "--------------------------------------"
[1] "Column: trth2o"
[1] "Class: factor"
[1] "Summary:"
    1     0  NA's 
  201   751 63280 
[1] "--------------------------------------"
[1] "Column: cleanck"
[1] "Class: factor"
[1] "Summary:"
    1     0  NA's 
 4312  3008 56912 
[1] "--------------------------------------"
[1] "Column: impfloor"
[1] "Class: factor"
[1] "Summary:"
    1     0  NA's 
 4247 30872 29113 
[1] "--------------------------------------"
[1] "Column: nrooms"
[1] "Class: factor"
[1] "Summary:"
   4+     1     2     3  NA's 
 2782 23009 10889  4400 23152 
[1] "--------------------------------------"
[1] "Column: nhh"
[1] "Class: factor"
[1] "Summary:"
3 or less       4-5       6-7        8+      NA's 
      281       593       337       187     62834 
[1] "--------------------------------------"
[1] "Column: nchldlt5"
[1] "Class: factor"
[1] "Summary:"
    1    2+  NA's 
20443 11848 31941 
[1] "--------------------------------------"
[1] "Column: earlybf"
[1] "Class: factor"
[1] "Summary:"
    1     0  NA's 
12682 37299 14251 
[1] "--------------------------------------"
[1] "Column: hfoodsec"
[1] "Class: factor"
[1] "Summary:"
         Food Secure Mildly Food Insecure        Food Insecure                 NA's 
               12936                 8088                 5405                37803 
[1] "--------------------------------------"
[1] "Column: measurefreq"
[1] "Class: factor"
[1] "Summary:"
  monthly quarterly    yearly      NA's 
     8203     48575      7265       189 
[1] "--------------------------------------"
[1] "Column: enstunt"
[1] "Class: factor"
[1] "Summary:"
    0     1  NA's 
48552 15491   189 
[1] "--------------------------------------"
[1] "Column: hhwealth_quart"
[1] "Class: factor"
[1] "Summary:"
Wealth Q4 Wealth Q1 Wealth Q2 Wealth Q3      NA's 
    10478     10037      9855     10136     23726 
[1] "--------------------------------------"
[1] "Column: id"
[1] "Class: numeric"
[1] "Summary:"
   Min. 1st Qu.  Median    Mean 3rd Qu.    Max.    NA's 
      1    9895   20301   22559   35070   42814     189 
[1] "--------------------------------------"
[1] "Column: W_gagebrth"
[1] "Class: integer"
[1] "Summary:"
   Min. 1st Qu.  Median    Mean 3rd Qu.    Max.    NA's 
  170.0   263.0   274.0   271.8   284.0   315.0   32743 
[1] "--------------------------------------"
[1] "Column: W_birthwt"
[1] "Class: numeric"
[1] "Summary:"
   Min. 1st Qu.  Median    Mean 3rd Qu.    Max.    NA's 
    820    2445    2765    2785    3100    7000   13268 
[1] "--------------------------------------"
[1] "Column: W_birthlen"
[1] "Class: numeric"
[1] "Summary:"
   Min. 1st Qu.  Median    Mean 3rd Qu.    Max.    NA's 
  21.80   46.00   47.60   47.58   49.10   68.00   17746 
[1] "--------------------------------------"
[1] "Column: W_mage"
[1] "Class: numeric"
[1] "Summary:"
   Min. 1st Qu.  Median    Mean 3rd Qu.    Max.    NA's 
   9.00   19.00   22.00   23.36   27.00   61.00    5693 
[1] "--------------------------------------"
[1] "Column: W_mhtcm"
[1] "Class: numeric"
[1] "Summary:"
   Min. 1st Qu.  Median    Mean 3rd Qu.    Max.    NA's 
   41.0   148.2   152.7   153.3   157.9   199.0   15478 
[1] "--------------------------------------"
[1] "Column: W_mwtkg"
[1] "Class: numeric"
[1] "Summary:"
   Min. 1st Qu.  Median    Mean 3rd Qu.    Max.    NA's 
  26.60   41.80   47.23   49.70   55.40  168.00   16659 
[1] "--------------------------------------"
[1] "Column: W_mbmi"
[1] "Class: numeric"
[1] "Summary:"
   Min. 1st Qu.  Median    Mean 3rd Qu.    Max.    NA's 
  11.56   18.44   20.42   21.05   22.87  892.33   18258 
[1] "--------------------------------------"
[1] "Column: W_fage"
[1] "Class: integer"
[1] "Summary:"
   Min. 1st Qu.  Median    Mean 3rd Qu.    Max.    NA's 
  15.00   25.00   30.00   30.72   35.00   76.00   58924 
[1] "--------------------------------------"
[1] "Column: W_fhtcm"
[1] "Class: numeric"
[1] "Summary:"
   Min. 1st Qu.  Median    Mean 3rd Qu.    Max.    NA's 
  147.5   163.5   167.0   167.7   172.0   194.0   61076 
[1] "--------------------------------------"
[1] "Column: W_meducyrs"
[1] "Class: integer"
[1] "Summary:"
   Min. 1st Qu.  Median    Mean 3rd Qu.    Max.    NA's 
  0.000   3.000   7.000   6.282  10.000  24.000    3168 
[1] "--------------------------------------"
[1] "Column: W_feducyrs"
[1] "Class: integer"
[1] "Summary:"
   Min. 1st Qu.  Median    Mean 3rd Qu.    Max.    NA's 
   0.00    0.00    8.00    6.72   11.00   27.00    5736 
[1] "--------------------------------------"
[1] "Column: W_nrooms"
[1] "Class: integer"
[1] "Summary:"
   Min. 1st Qu.  Median    Mean 3rd Qu.    Max.    NA's 
  1.000   1.000   1.000   1.738   2.000  77.000   23152 
[1] "--------------------------------------"
[1] "Column: W_nhh"
[1] "Class: integer"
[1] "Summary:"
   Min. 1st Qu.  Median    Mean 3rd Qu.    Max.    NA's 
   1.00    4.00    5.00    5.28    6.00   18.00   62834 
[1] "--------------------------------------"
[1] "Column: W_nchldlt5"
[1] "Class: numeric"
[1] "Summary:"
   Min. 1st Qu.  Median    Mean 3rd Qu.    Max.    NA's 
    1.0     1.0     1.0     1.4     2.0    11.0   31941 
[1] "--------------------------------------"
[1] "Column: W_parity"
[1] "Class: numeric"
[1] "Summary:"
   Min. 1st Qu.  Median    Mean 3rd Qu.    Max.    NA's 
  1.000   1.000   2.000   2.293   3.000  19.000   13701 
[1] "--------------------------------------"
[1] "Column: impsan"
[1] "Class: factor"
[1] "Summary:"
    1     0  NA's 
26414 12743 25075 
[1] "--------------------------------------"
[1] "Column: safeh20"
[1] "Class: factor"
[1] "Summary:"
    1     0  NA's 
37176  1226 25830 
[1] "--------------------------------------"
[1] "Column: perdiar6"
[1] "Class: factor"
[1] "Summary:"
      0% (0%, 5%]      >5%     NA's 
    1150      778      536    61768 
[1] "--------------------------------------"
[1] "Column: perdiar24"
[1] "Class: factor"
[1] "Summary:"
      0% (0%, 5%]      >5%     NA's 
     810     5927     1425    56070 
[1] "--------------------------------------"
[1] "Column: W_perdiar6"
[1] "Class: numeric"
[1] "Summary:"
   Min. 1st Qu.  Median    Mean 3rd Qu.    Max.    NA's 
   0.00    0.00    0.01    0.03    0.04    0.43   61768 
[1] "--------------------------------------"
[1] "Column: W_perdiar24"
[1] "Class: numeric"
[1] "Summary:"
   Min. 1st Qu.  Median    Mean 3rd Qu.    Max.    NA's 
   0.00    0.00    0.02    0.03    0.04    1.00   56070 
[1] "--------------------------------------"
[1] "Column: predfeed3"
[1] "Class: factor"
[1] "Summary:"
    1     0  NA's 
15106  2095 47031 
[1] "--------------------------------------"
[1] "Column: exclfeed3"
[1] "Class: factor"
[1] "Summary:"
    1     0  NA's 
17561  2811 43860 
[1] "--------------------------------------"
[1] "Column: predfeed6"
[1] "Class: factor"
[1] "Summary:"
    1     0  NA's 
18056  6083 40093 
[1] "--------------------------------------"
[1] "Column: exclfeed6"
[1] "Class: factor"
[1] "Summary:"
    1     0  NA's 
19328  8199 36705 
[1] "--------------------------------------"
[1] "Column: predfeed36"
[1] "Class: factor"
[1] "Summary:"
    1     0  NA's 
15250  5422 43560 
[1] "--------------------------------------"
[1] "Column: exclfeed36"
[1] "Class: factor"
[1] "Summary:"
    1     0  NA's 
15870  7425 40937 
[1] "--------------------------------------"
[1] "Column: predexfd6"
[1] "Class: factor"
[1] "Summary:"
    1     0  NA's 
19515  8012 36705 
[1] "--------------------------------------"
[1] "Column: maxage"
[1] "Class: numeric"
[1] "Summary:"
   Min. 1st Qu.  Median    Mean 3rd Qu.    Max. 
    1.0   365.0   542.0   538.1   739.0  5178.0 
[1] "--------------------------------------"
[1] "Column: dead"
[1] "Class: numeric"
[1] "Summary:"
   Min. 1st Qu.  Median    Mean 3rd Qu.    Max. 
0.00000 0.00000 0.00000 0.03821 0.00000 1.00000 
[1] "--------------------------------------"
[1] "Column: agedth"
[1] "Class: numeric"
[1] "Summary:"
   Min. 1st Qu.  Median    Mean 3rd Qu.    Max.    NA's 
   -8.0    38.0   121.0   236.9   318.0  6668.0   61885 
[1] "--------------------------------------"
[1] "Column: causedth"
[1] "Class: character"
[1] "Summary:"
   Length     Class      Mode 
    64232 character character 
[1] "--------------------------------------"
[1] "Column: dead624"
[1] "Class: numeric"
[1] "Summary:"
   Min. 1st Qu.  Median    Mean 3rd Qu.    Max.    NA's 
  0.000   0.000   0.000   0.018   0.000   1.000   10154 
[1] "--------------------------------------"
[1] "Column: dead0plus"
[1] "Class: numeric"
[1] "Summary:"
   Min. 1st Qu.  Median    Mean 3rd Qu.    Max. 
0.00000 0.00000 0.00000 0.03962 0.00000 1.00000 
[1] "--------------------------------------"
[1] "Column: dead6plus"
[1] "Class: numeric"
[1] "Summary:"
   Min. 1st Qu.  Median    Mean 3rd Qu.    Max.    NA's 
   0.00    0.00    0.00    0.02    0.00    1.00   10154 
[1] "--------------------------------------"
[1] "Column: tot_dead"
[1] "Class: numeric"
[1] "Summary:"
   Min. 1st Qu.  Median    Mean 3rd Qu.    Max. 
    1.0    61.0   879.0   636.4   879.0  1113.0 
[1] "--------------------------------------"
